5 5 1.000000 
5 10 1.000000 
5 15 1.000000 
5 20 1.000000 
5 25 1.000000 
5 30 1.000000 
5 35 1.000000 
5 40 1.000000 
5 45 1.000000 
5 50 1.000000 
5 55 1.000000 
5 60 1.000000 
5 65 1.000000 
5 70 1.000000 
5 75 1.000000 
5 80 1.000000 
5 85 1.000000 
5 90 1.000000 
5 95 1.000000 
5 100 1.000000 
5 105 1.000000 
5 110 1.000000 
5 115 1.000000 
5 120 1.000000 
5 125 1.000000 
5 130 1.000000 
5 135 1.000000 
5 140 1.000000 
5 145 1.000000 
5 150 1.000000 
5 155 1.000000 
5 160 1.000000 
5 165 1.000000 
5 170 1.000000 
5 175 1.000000 
5 180 1.000000 
5 185 1.000000 
5 190 1.000000 
5 195 1.000000 
5 200 1.000000 
5 205 1.000000 
5 210 1.000000 
5 215 1.000000 
5 220 1.000000 
5 225 1.000000 
5 230 1.000000 
5 235 1.000000 
5 240 1.000000 
5 245 1.000000 
5 250 1.000000 
5 255 1.000000 
5 260 1.000000 
5 265 1.000000 
5 270 1.000000 
5 275 1.000000 
5 280 1.000000 
5 285 1.000000 
5 290 1.000000 
5 295 1.000000 
5 300 1.000000 
5 305 1.000000 
5 310 1.000000 
5 315 1.000000 
5 320 1.000000 
5 325 1.000000 
5 330 1.000000 
5 335 1.000000 
5 340 1.000000 
5 345 1.000000 
5 350 1.000000 
5 355 1.000000 
5 360 1.000000 
10 5 1.000000 
10 10 1.000000 
10 15 1.000000 
10 20 1.000000 
10 25 1.000000 
10 30 1.000000 
10 35 1.000000 
10 40 1.000000 
10 45 1.000000 
10 50 1.000000 
10 55 1.000000 
10 60 1.000000 
10 65 1.000000 
10 70 1.000000 
10 75 1.000000 
10 80 1.000000 
10 85 1.000000 
10 90 1.000000 
10 95 1.000000 
10 100 1.000000 
10 105 1.000000 
10 110 1.000000 
10 115 1.000000 
10 120 1.000000 
10 125 1.000000 
10 130 1.000000 
10 135 1.000000 
10 140 1.000000 
10 145 1.000000 
10 150 1.000000 
10 155 1.000000 
10 160 1.000000 
10 165 1.000000 
10 170 1.000000 
10 175 1.000000 
10 180 1.000000 
10 185 1.000000 
10 190 1.000000 
10 195 1.000000 
10 200 1.000000 
10 205 1.000000 
10 210 1.000000 
10 215 1.000000 
10 220 1.000000 
10 225 1.000000 
10 230 1.000000 
10 235 1.000000 
10 240 1.000000 
10 245 1.000000 
10 250 1.000000 
10 255 1.000000 
10 260 1.000000 
10 265 1.000000 
10 270 1.000000 
10 275 1.000000 
10 280 1.000000 
10 285 1.000000 
10 290 1.000000 
10 295 1.000000 
10 300 1.000000 
10 305 1.000000 
10 310 1.000000 
10 315 1.000000 
10 320 1.000000 
10 325 1.000000 
10 330 1.000000 
10 335 1.000000 
10 340 1.000000 
10 345 1.000000 
10 350 1.000000 
10 355 1.000000 
10 360 1.000000 
15 5 1.000000 
15 10 1.000000 
15 15 1.000000 
15 20 1.000000 
15 25 1.000000 
15 30 1.000000 
15 35 1.000000 
15 40 1.000000 
15 45 1.000000 
15 50 1.000000 
15 55 1.000000 
15 60 1.000000 
15 65 1.000000 
15 70 1.000000 
15 75 1.000000 
15 80 1.000000 
15 85 1.000000 
15 90 1.000000 
15 95 1.000000 
15 100 1.000000 
15 105 1.000000 
15 110 1.000000 
15 115 1.000000 
15 120 1.000000 
15 125 1.000000 
15 130 1.000000 
15 135 1.000000 
15 140 1.000000 
15 145 1.000000 
15 150 1.000000 
15 155 1.000000 
15 160 1.000000 
15 165 1.000000 
15 170 1.000000 
15 175 1.000000 
15 180 1.000000 
15 185 1.000000 
15 190 1.000000 
15 195 1.000000 
15 200 1.000000 
15 205 1.000000 
15 210 1.000000 
15 215 1.000000 
15 220 1.000000 
15 225 1.000000 
15 230 1.000000 
15 235 1.000000 
15 240 1.000000 
15 245 1.000000 
15 250 1.000000 
15 255 1.000000 
15 260 1.000000 
15 265 1.000000 
15 270 1.000000 
15 275 1.000000 
15 280 1.000000 
15 285 1.000000 
15 290 1.000000 
15 295 1.000000 
15 300 1.000000 
15 305 1.000000 
15 310 1.000000 
15 315 1.000000 
15 320 1.000000 
15 325 1.000000 
15 330 1.000000 
15 335 1.000000 
15 340 1.000000 
15 345 1.000000 
15 350 1.000000 
15 355 1.000000 
15 360 1.000000 
20 5 1.000000 
20 10 1.000000 
20 15 1.000000 
20 20 1.000000 
20 25 1.000000 
20 30 1.000000 
20 35 1.000000 
20 40 1.000000 
20 45 1.000000 
20 50 1.000000 
20 55 1.000000 
20 60 1.000000 
20 65 1.000000 
20 70 1.000000 
20 75 1.000000 
20 80 1.000000 
20 85 1.000000 
20 90 1.000000 
20 95 1.000000 
20 100 1.000000 
20 105 1.000000 
20 110 1.000000 
20 115 1.000000 
20 120 1.000000 
20 125 1.000000 
20 130 1.000000 
20 135 1.000000 
20 140 1.000000 
20 145 1.000000 
20 150 1.000000 
20 155 1.000000 
20 160 1.000000 
20 165 1.000000 
20 170 1.000000 
20 175 1.000000 
20 180 1.000000 
20 185 1.000000 
20 190 1.000000 
20 195 1.000000 
20 200 1.000000 
20 205 1.000000 
20 210 1.000000 
20 215 1.000000 
20 220 1.000000 
20 225 1.000000 
20 230 1.000000 
20 235 1.000000 
20 240 1.000000 
20 245 1.000000 
20 250 1.000000 
20 255 1.000000 
20 260 1.000000 
20 265 1.000000 
20 270 1.000000 
20 275 1.000000 
20 280 1.000000 
20 285 1.000000 
20 290 1.000000 
20 295 1.000000 
20 300 1.000000 
20 305 1.000000 
20 310 1.000000 
20 315 1.000000 
20 320 1.000000 
20 325 1.000000 
20 330 1.000000 
20 335 1.000000 
20 340 1.000000 
20 345 1.000000 
20 350 1.000000 
20 355 1.000000 
20 360 1.000000 
25 5 1.000000 
25 10 1.000000 
25 15 1.000000 
25 20 1.000000 
25 25 1.000000 
25 30 1.000000 
25 35 1.000000 
25 40 1.000000 
25 45 1.000000 
25 50 1.000000 
25 55 1.000000 
25 60 1.000000 
25 65 1.000000 
25 70 1.000000 
25 75 1.000000 
25 80 1.000000 
25 85 1.000000 
25 90 1.000000 
25 95 1.000000 
25 100 1.000000 
25 105 1.000000 
25 110 1.000000 
25 115 1.000000 
25 120 1.000000 
25 125 1.000000 
25 130 1.000000 
25 135 1.000000 
25 140 1.000000 
25 145 1.000000 
25 150 1.000000 
25 155 1.000000 
25 160 1.000000 
25 165 1.000000 
25 170 1.000000 
25 175 1.000000 
25 180 1.000000 
25 185 1.000000 
25 190 1.000000 
25 195 1.000000 
25 200 1.000000 
25 205 1.000000 
25 210 1.000000 
25 215 1.000000 
25 220 1.000000 
25 225 1.000000 
25 230 1.000000 
25 235 1.000000 
25 240 1.000000 
25 245 1.000000 
25 250 1.000000 
25 255 1.000000 
25 260 1.000000 
25 265 1.000000 
25 270 1.000000 
25 275 1.000000 
25 280 1.000000 
25 285 1.000000 
25 290 1.000000 
25 295 1.000000 
25 300 1.000000 
25 305 1.000000 
25 310 1.000000 
25 315 1.000000 
25 320 1.000000 
25 325 1.000000 
25 330 1.000000 
25 335 1.000000 
25 340 1.000000 
25 345 1.000000 
25 350 1.000000 
25 355 1.000000 
25 360 1.000000 
30 5 1.000000 
30 10 1.000000 
30 15 1.000000 
30 20 1.000000 
30 25 1.000000 
30 30 1.000000 
30 35 1.000000 
30 40 1.000000 
30 45 1.000000 
30 50 1.000000 
30 55 1.000000 
30 60 1.000000 
30 65 1.000000 
30 70 1.000000 
30 75 1.000000 
30 80 1.000000 
30 85 1.000000 
30 90 1.000000 
30 95 1.000000 
30 100 1.000000 
30 105 1.000000 
30 110 1.000000 
30 115 1.000000 
30 120 1.000000 
30 125 1.000000 
30 130 1.000000 
30 135 1.000000 
30 140 1.000000 
30 145 1.000000 
30 150 1.000000 
30 155 1.000000 
30 160 1.000000 
30 165 1.000000 
30 170 1.000000 
30 175 1.000000 
30 180 1.000000 
30 185 1.000000 
30 190 1.000000 
30 195 1.000000 
30 200 1.000000 
30 205 1.000000 
30 210 1.000000 
30 215 1.000000 
30 220 1.000000 
30 225 1.000000 
30 230 1.000000 
30 235 1.000000 
30 240 1.000000 
30 245 1.000000 
30 250 1.000000 
30 255 1.000000 
30 260 1.000000 
30 265 1.000000 
30 270 1.000000 
30 275 1.000000 
30 280 1.000000 
30 285 1.000000 
30 290 1.000000 
30 295 1.000000 
30 300 1.000000 
30 305 1.000000 
30 310 1.000000 
30 315 1.000000 
30 320 1.000000 
30 325 1.000000 
30 330 1.000000 
30 335 1.000000 
30 340 1.000000 
30 345 1.000000 
30 350 1.000000 
30 355 1.000000 
30 360 1.000000 
35 5 1.000000 
35 10 1.000000 
35 15 1.000000 
35 20 1.000000 
35 25 1.000000 
35 30 1.000000 
35 35 1.000000 
35 40 1.000000 
35 45 1.000000 
35 50 1.000000 
35 55 1.000000 
35 60 1.000000 
35 65 1.000000 
35 70 1.000000 
35 75 1.000000 
35 80 1.000000 
35 85 1.000000 
35 90 1.000000 
35 95 1.000000 
35 100 1.000000 
35 105 1.000000 
35 110 1.000000 
35 115 1.000000 
35 120 1.000000 
35 125 1.000000 
35 130 1.000000 
35 135 1.000000 
35 140 1.000000 
35 145 1.000000 
35 150 1.000000 
35 155 1.000000 
35 160 1.000000 
35 165 1.000000 
35 170 1.000000 
35 175 1.000000 
35 180 1.000000 
35 185 1.000000 
35 190 1.000000 
35 195 1.000000 
35 200 1.000000 
35 205 1.000000 
35 210 1.000000 
35 215 1.000000 
35 220 1.000000 
35 225 1.000000 
35 230 1.000000 
35 235 1.000000 
35 240 1.000000 
35 245 1.000000 
35 250 1.000000 
35 255 1.000000 
35 260 1.000000 
35 265 1.000000 
35 270 1.000000 
35 275 1.000000 
35 280 1.000000 
35 285 1.000000 
35 290 1.000000 
35 295 1.000000 
35 300 1.000000 
35 305 1.000000 
35 310 1.000000 
35 315 1.000000 
35 320 1.000000 
35 325 1.000000 
35 330 1.000000 
35 335 1.000000 
35 340 1.000000 
35 345 1.000000 
35 350 1.000000 
35 355 1.000000 
35 360 1.000000 
40 5 1.000000 
40 10 1.000000 
40 15 1.000000 
40 20 1.000000 
40 25 1.000000 
40 30 1.000000 
40 35 1.000000 
40 40 1.000000 
40 45 1.000000 
40 50 1.000000 
40 55 1.000000 
40 60 1.000000 
40 65 1.000000 
40 70 1.000000 
40 75 1.000000 
40 80 1.000000 
40 85 1.000000 
40 90 1.000000 
40 95 1.000000 
40 100 1.000000 
40 105 1.000000 
40 110 1.000000 
40 115 1.000000 
40 120 1.000000 
40 125 1.000000 
40 130 1.000000 
40 135 1.000000 
40 140 1.000000 
40 145 1.000000 
40 150 1.000000 
40 155 1.000000 
40 160 1.000000 
40 165 1.000000 
40 170 1.000000 
40 175 1.000000 
40 180 1.000000 
40 185 1.000000 
40 190 1.000000 
40 195 1.000000 
40 200 1.000000 
40 205 1.000000 
40 210 1.000000 
40 215 1.000000 
40 220 1.000000 
40 225 1.000000 
40 230 1.000000 
40 235 1.000000 
40 240 1.000000 
40 245 1.000000 
40 250 1.000000 
40 255 1.000000 
40 260 1.000000 
40 265 1.000000 
40 270 1.000000 
40 275 1.000000 
40 280 1.000000 
40 285 1.000000 
40 290 1.000000 
40 295 1.000000 
40 300 1.000000 
40 305 1.000000 
40 310 1.000000 
40 315 1.000000 
40 320 1.000000 
40 325 1.000000 
40 330 1.000000 
40 335 1.000000 
40 340 1.000000 
40 345 1.000000 
40 350 1.000000 
40 355 1.000000 
40 360 1.000000 
45 5 1.000000 
45 10 1.000000 
45 15 1.000000 
45 20 1.000000 
45 25 1.000000 
45 30 1.000000 
45 35 1.000000 
45 40 1.000000 
45 45 1.000000 
45 50 1.000000 
45 55 1.000000 
45 60 1.000000 
45 65 1.000000 
45 70 1.000000 
45 75 1.000000 
45 80 1.000000 
45 85 1.000000 
45 90 1.000000 
45 95 1.000000 
45 100 1.000000 
45 105 1.000000 
45 110 1.000000 
45 115 1.000000 
45 120 1.000000 
45 125 1.000000 
45 130 1.000000 
45 135 1.000000 
45 140 1.000000 
45 145 1.000000 
45 150 1.000000 
45 155 1.000000 
45 160 1.000000 
45 165 1.000000 
45 170 1.000000 
45 175 1.000000 
45 180 1.000000 
45 185 1.000000 
45 190 1.000000 
45 195 1.000000 
45 200 1.000000 
45 205 1.000000 
45 210 1.000000 
45 215 1.000000 
45 220 1.000000 
45 225 1.000000 
45 230 1.000000 
45 235 1.000000 
45 240 1.000000 
45 245 1.000000 
45 250 1.000000 
45 255 1.000000 
45 260 1.000000 
45 265 1.000000 
45 270 1.000000 
45 275 1.000000 
45 280 1.000000 
45 285 1.000000 
45 290 1.000000 
45 295 1.000000 
45 300 1.000000 
45 305 1.000000 
45 310 1.000000 
45 315 1.000000 
45 320 1.000000 
45 325 1.000000 
45 330 1.000000 
45 335 1.000000 
45 340 1.000000 
45 345 1.000000 
45 350 1.000000 
45 355 1.000000 
45 360 1.000000 
50 5 1.000000 
50 10 1.000000 
50 15 1.000000 
50 20 1.000000 
50 25 1.000000 
50 30 1.000000 
50 35 1.000000 
50 40 1.000000 
50 45 1.000000 
50 50 1.000000 
50 55 1.000000 
50 60 1.000000 
50 65 1.000000 
50 70 1.000000 
50 75 1.000000 
50 80 1.000000 
50 85 1.000000 
50 90 1.000000 
50 95 1.000000 
50 100 1.000000 
50 105 1.000000 
50 110 1.000000 
50 115 1.000000 
50 120 1.000000 
50 125 1.000000 
50 130 1.000000 
50 135 1.000000 
50 140 1.000000 
50 145 1.000000 
50 150 1.000000 
50 155 1.000000 
50 160 1.000000 
50 165 1.000000 
50 170 1.000000 
50 175 1.000000 
50 180 1.000000 
50 185 1.000000 
50 190 1.000000 
50 195 1.000000 
50 200 1.000000 
50 205 1.000000 
50 210 1.000000 
50 215 1.000000 
50 220 1.000000 
50 225 1.000000 
50 230 1.000000 
50 235 1.000000 
50 240 1.000000 
50 245 1.000000 
50 250 1.000000 
50 255 1.000000 
50 260 1.000000 
50 265 1.000000 
50 270 1.000000 
50 275 1.000000 
50 280 1.000000 
50 285 1.000000 
50 290 1.000000 
50 295 1.000000 
50 300 1.000000 
50 305 1.000000 
50 310 1.000000 
50 315 1.000000 
50 320 1.000000 
50 325 1.000000 
50 330 1.000000 
50 335 1.000000 
50 340 1.000000 
50 345 1.000000 
50 350 1.000000 
50 355 1.000000 
50 360 1.000000 
55 5 1.000000 
55 10 1.000000 
55 15 1.000000 
55 20 1.000000 
55 25 1.000000 
55 30 1.000000 
55 35 1.000000 
55 40 1.000000 
55 45 1.000000 
55 50 1.000000 
55 55 1.000000 
55 60 1.000000 
55 65 1.000000 
55 70 1.000000 
55 75 1.000000 
55 80 1.000000 
55 85 1.000000 
55 90 1.000000 
55 95 1.000000 
55 100 1.000000 
55 105 1.000000 
55 110 1.000000 
55 115 1.000000 
55 120 1.000000 
55 125 1.000000 
55 130 1.000000 
55 135 1.000000 
55 140 1.000000 
55 145 1.000000 
55 150 1.000000 
55 155 1.000000 
55 160 1.000000 
55 165 1.000000 
55 170 1.000000 
55 175 1.000000 
55 180 1.000000 
55 185 1.000000 
55 190 1.000000 
55 195 1.000000 
55 200 1.000000 
55 205 1.000000 
55 210 1.000000 
55 215 1.000000 
55 220 1.000000 
55 225 1.000000 
55 230 1.000000 
55 235 1.000000 
55 240 1.000000 
55 245 1.000000 
55 250 1.000000 
55 255 1.000000 
55 260 1.000000 
55 265 1.000000 
55 270 1.000000 
55 275 1.000000 
55 280 1.000000 
55 285 1.000000 
55 290 1.000000 
55 295 1.000000 
55 300 1.000000 
55 305 1.000000 
55 310 1.000000 
55 315 1.000000 
55 320 1.000000 
55 325 1.000000 
55 330 1.000000 
55 335 1.000000 
55 340 1.000000 
55 345 1.000000 
55 350 1.000000 
55 355 1.000000 
55 360 1.000000 
60 5 1.000000 
60 10 1.000000 
60 15 1.000000 
60 20 1.000000 
60 25 1.000000 
60 30 1.000000 
60 35 1.000000 
60 40 1.000000 
60 45 1.000000 
60 50 1.000000 
60 55 1.000000 
60 60 1.000000 
60 65 1.000000 
60 70 1.000000 
60 75 1.000000 
60 80 1.000000 
60 85 1.000000 
60 90 1.000000 
60 95 1.000000 
60 100 1.000000 
60 105 1.000000 
60 110 1.000000 
60 115 1.000000 
60 120 1.000000 
60 125 1.000000 
60 130 1.000000 
60 135 1.000000 
60 140 1.000000 
60 145 1.000000 
60 150 1.000000 
60 155 1.000000 
60 160 1.000000 
60 165 1.000000 
60 170 1.000000 
60 175 1.000000 
60 180 1.000000 
60 185 1.000000 
60 190 1.000000 
60 195 1.000000 
60 200 1.000000 
60 205 1.000000 
60 210 1.000000 
60 215 1.000000 
60 220 1.000000 
60 225 1.000000 
60 230 1.000000 
60 235 1.000000 
60 240 1.000000 
60 245 1.000000 
60 250 1.000000 
60 255 1.000000 
60 260 1.000000 
60 265 1.000000 
60 270 1.000000 
60 275 1.000000 
60 280 1.000000 
60 285 1.000000 
60 290 1.000000 
60 295 1.000000 
60 300 1.000000 
60 305 1.000000 
60 310 1.000000 
60 315 1.000000 
60 320 1.000000 
60 325 1.000000 
60 330 1.000000 
60 335 1.000000 
60 340 1.000000 
60 345 1.000000 
60 350 1.000000 
60 355 1.000000 
60 360 1.000000 
65 5 1.000000 
65 10 1.000000 
65 15 1.000000 
65 20 1.000000 
65 25 1.000000 
65 30 1.000000 
65 35 1.000000 
65 40 1.000000 
65 45 1.000000 
65 50 1.000000 
65 55 1.000000 
65 60 1.000000 
65 65 1.000000 
65 70 1.000000 
65 75 1.000000 
65 80 1.000000 
65 85 1.000000 
65 90 1.000000 
65 95 1.000000 
65 100 1.000000 
65 105 1.000000 
65 110 1.000000 
65 115 1.000000 
65 120 1.000000 
65 125 1.000000 
65 130 1.000000 
65 135 1.000000 
65 140 1.000000 
65 145 1.000000 
65 150 1.000000 
65 155 1.000000 
65 160 1.000000 
65 165 1.000000 
65 170 1.000000 
65 175 1.000000 
65 180 1.000000 
65 185 1.000000 
65 190 1.000000 
65 195 1.000000 
65 200 1.000000 
65 205 1.000000 
65 210 1.000000 
65 215 1.000000 
65 220 1.000000 
65 225 1.000000 
65 230 1.000000 
65 235 1.000000 
65 240 1.000000 
65 245 1.000000 
65 250 1.000000 
65 255 1.000000 
65 260 1.000000 
65 265 1.000000 
65 270 1.000000 
65 275 1.000000 
65 280 1.000000 
65 285 1.000000 
65 290 1.000000 
65 295 1.000000 
65 300 1.000000 
65 305 1.000000 
65 310 1.000000 
65 315 1.000000 
65 320 1.000000 
65 325 1.000000 
65 330 1.000000 
65 335 1.000000 
65 340 1.000000 
65 345 1.000000 
65 350 1.000000 
65 355 1.000000 
65 360 1.000000 
70 5 1.000000 
70 10 1.000000 
70 15 1.000000 
70 20 1.000000 
70 25 1.000000 
70 30 1.000000 
70 35 1.000000 
70 40 1.000000 
70 45 1.000000 
70 50 1.000000 
70 55 1.000000 
70 60 1.000000 
70 65 1.000000 
70 70 1.000000 
70 75 1.000000 
70 80 1.000000 
70 85 1.000000 
70 90 1.000000 
70 95 1.000000 
70 100 1.000000 
70 105 1.000000 
70 110 1.000000 
70 115 1.000000 
70 120 1.000000 
70 125 1.000000 
70 130 1.000000 
70 135 1.000000 
70 140 1.000000 
70 145 1.000000 
70 150 1.000000 
70 155 1.000000 
70 160 1.000000 
70 165 1.000000 
70 170 1.000000 
70 175 1.000000 
70 180 1.000000 
70 185 1.000000 
70 190 1.000000 
70 195 1.000000 
70 200 1.000000 
70 205 1.000000 
70 210 1.000000 
70 215 1.000000 
70 220 1.000000 
70 225 1.000000 
70 230 1.000000 
70 235 1.000000 
70 240 1.000000 
70 245 1.000000 
70 250 1.000000 
70 255 1.000000 
70 260 1.000000 
70 265 1.000000 
70 270 1.000000 
70 275 1.000000 
70 280 1.000000 
70 285 1.000000 
70 290 1.000000 
70 295 1.000000 
70 300 1.000000 
70 305 1.000000 
70 310 1.000000 
70 315 1.000000 
70 320 1.000000 
70 325 1.000000 
70 330 1.000000 
70 335 1.000000 
70 340 1.000000 
70 345 1.000000 
70 350 1.000000 
70 355 1.000000 
70 360 1.000000 
75 5 1.000000 
75 10 1.000000 
75 15 1.000000 
75 20 1.000000 
75 25 1.000000 
75 30 1.000000 
75 35 1.000000 
75 40 1.000000 
75 45 1.000000 
75 50 1.000000 
75 55 1.000000 
75 60 1.000000 
75 65 1.000000 
75 70 1.000000 
75 75 1.000000 
75 80 1.000000 
75 85 1.000000 
75 90 1.000000 
75 95 1.000000 
75 100 1.000000 
75 105 1.000000 
75 110 1.000000 
75 115 1.000000 
75 120 1.000000 
75 125 1.000000 
75 130 1.000000 
75 135 1.000000 
75 140 1.000000 
75 145 1.000000 
75 150 1.000000 
75 155 1.000000 
75 160 1.000000 
75 165 1.000000 
75 170 1.000000 
75 175 1.000000 
75 180 1.000000 
75 185 1.000000 
75 190 1.000000 
75 195 1.000000 
75 200 1.000000 
75 205 1.000000 
75 210 1.000000 
75 215 1.000000 
75 220 1.000000 
75 225 1.000000 
75 230 1.000000 
75 235 1.000000 
75 240 1.000000 
75 245 1.000000 
75 250 1.000000 
75 255 1.000000 
75 260 1.000000 
75 265 1.000000 
75 270 1.000000 
75 275 1.000000 
75 280 1.000000 
75 285 1.000000 
75 290 1.000000 
75 295 1.000000 
75 300 1.000000 
75 305 1.000000 
75 310 1.000000 
75 315 1.000000 
75 320 1.000000 
75 325 1.000000 
75 330 1.000000 
75 335 1.000000 
75 340 1.000000 
75 345 1.000000 
75 350 1.000000 
75 355 1.000000 
75 360 1.000000 
80 5 1.000000 
80 10 1.000000 
80 15 1.000000 
80 20 1.000000 
80 25 1.000000 
80 30 1.000000 
80 35 1.000000 
80 40 1.000000 
80 45 1.000000 
80 50 1.000000 
80 55 1.000000 
80 60 1.000000 
80 65 1.000000 
80 70 1.000000 
80 75 1.000000 
80 80 1.000000 
80 85 1.000000 
80 90 1.000000 
80 95 1.000000 
80 100 1.000000 
80 105 1.000000 
80 110 1.000000 
80 115 1.000000 
80 120 1.000000 
80 125 1.000000 
80 130 1.000000 
80 135 1.000000 
80 140 1.000000 
80 145 1.000000 
80 150 1.000000 
80 155 1.000000 
80 160 1.000000 
80 165 1.000000 
80 170 1.000000 
80 175 1.000000 
80 180 1.000000 
80 185 1.000000 
80 190 1.000000 
80 195 1.000000 
80 200 1.000000 
80 205 1.000000 
80 210 1.000000 
80 215 1.000000 
80 220 1.000000 
80 225 1.000000 
80 230 1.000000 
80 235 1.000000 
80 240 1.000000 
80 245 1.000000 
80 250 1.000000 
80 255 1.000000 
80 260 1.000000 
80 265 1.000000 
80 270 1.000000 
80 275 1.000000 
80 280 1.000000 
80 285 1.000000 
80 290 1.000000 
80 295 1.000000 
80 300 1.000000 
80 305 1.000000 
80 310 1.000000 
80 315 1.000000 
80 320 1.000000 
80 325 1.000000 
80 330 1.000000 
80 335 1.000000 
80 340 1.000000 
80 345 1.000000 
80 350 1.000000 
80 355 1.000000 
80 360 1.000000 
85 5 1.000000 
85 10 1.000000 
85 15 1.000000 
85 20 1.000000 
85 25 1.000000 
85 30 1.000000 
85 35 1.000000 
85 40 1.000000 
85 45 1.000000 
85 50 1.000000 
85 55 1.000000 
85 60 1.000000 
85 65 1.000000 
85 70 1.000000 
85 75 1.000000 
85 80 1.000000 
85 85 1.000000 
85 90 1.000000 
85 95 1.000000 
85 100 1.000000 
85 105 1.000000 
85 110 1.000000 
85 115 1.000000 
85 120 1.000000 
85 125 1.000000 
85 130 1.000000 
85 135 1.000000 
85 140 1.000000 
85 145 1.000000 
85 150 1.000000 
85 155 1.000000 
85 160 1.000000 
85 165 1.000000 
85 170 1.000000 
85 175 1.000000 
85 180 1.000000 
85 185 1.000000 
85 190 1.000000 
85 195 1.000000 
85 200 1.000000 
85 205 1.000000 
85 210 1.000000 
85 215 1.000000 
85 220 1.000000 
85 225 1.000000 
85 230 1.000000 
85 235 1.000000 
85 240 1.000000 
85 245 1.000000 
85 250 1.000000 
85 255 1.000000 
85 260 1.000000 
85 265 1.000000 
85 270 1.000000 
85 275 1.000000 
85 280 1.000000 
85 285 1.000000 
85 290 1.000000 
85 295 1.000000 
85 300 1.000000 
85 305 1.000000 
85 310 1.000000 
85 315 1.000000 
85 320 1.000000 
85 325 1.000000 
85 330 1.000000 
85 335 1.000000 
85 340 1.000000 
85 345 1.000000 
85 350 1.000000 
85 355 1.000000 
85 360 1.000000 
90 5 1.000000 
90 10 1.000000 
90 15 1.000000 
90 20 1.000000 
90 25 1.000000 
90 30 1.000000 
90 35 1.000000 
90 40 1.000000 
90 45 1.000000 
90 50 1.000000 
90 55 1.000000 
90 60 1.000000 
90 65 1.000000 
90 70 1.000000 
90 75 1.000000 
90 80 1.000000 
90 85 1.000000 
90 90 1.000000 
90 95 1.000000 
90 100 1.000000 
90 105 1.000000 
90 110 1.000000 
90 115 1.000000 
90 120 1.000000 
90 125 1.000000 
90 130 1.000000 
90 135 1.000000 
90 140 1.000000 
90 145 1.000000 
90 150 1.000000 
90 155 1.000000 
90 160 1.000000 
90 165 1.000000 
90 170 1.000000 
90 175 1.000000 
90 180 1.000000 
90 185 1.000000 
90 190 1.000000 
90 195 1.000000 
90 200 1.000000 
90 205 1.000000 
90 210 1.000000 
90 215 1.000000 
90 220 1.000000 
90 225 1.000000 
90 230 1.000000 
90 235 1.000000 
90 240 1.000000 
90 245 1.000000 
90 250 1.000000 
90 255 1.000000 
90 260 1.000000 
90 265 1.000000 
90 270 1.000000 
90 275 1.000000 
90 280 1.000000 
90 285 1.000000 
90 290 1.000000 
90 295 1.000000 
90 300 1.000000 
90 305 1.000000 
90 310 1.000000 
90 315 1.000000 
90 320 1.000000 
90 325 1.000000 
90 330 1.000000 
90 335 1.000000 
90 340 1.000000 
90 345 1.000000 
90 350 1.000000 
90 355 1.000000 
90 360 1.000000 
95 5 1.000000 
95 10 1.000000 
95 15 1.000000 
95 20 1.000000 
95 25 1.000000 
95 30 1.000000 
95 35 1.000000 
95 40 1.000000 
95 45 1.000000 
95 50 1.000000 
95 55 1.000000 
95 60 1.000000 
95 65 1.000000 
95 70 1.000000 
95 75 1.000000 
95 80 1.000000 
95 85 1.000000 
95 90 1.000000 
95 95 1.000000 
95 100 1.000000 
95 105 1.000000 
95 110 1.000000 
95 115 1.000000 
95 120 1.000000 
95 125 1.000000 
95 130 1.000000 
95 135 1.000000 
95 140 1.000000 
95 145 1.000000 
95 150 1.000000 
95 155 1.000000 
95 160 1.000000 
95 165 1.000000 
95 170 1.000000 
95 175 1.000000 
95 180 1.000000 
95 185 1.000000 
95 190 1.000000 
95 195 1.000000 
95 200 1.000000 
95 205 1.000000 
95 210 1.000000 
95 215 1.000000 
95 220 1.000000 
95 225 1.000000 
95 230 1.000000 
95 235 1.000000 
95 240 1.000000 
95 245 1.000000 
95 250 1.000000 
95 255 1.000000 
95 260 1.000000 
95 265 1.000000 
95 270 1.000000 
95 275 1.000000 
95 280 1.000000 
95 285 1.000000 
95 290 1.000000 
95 295 1.000000 
95 300 1.000000 
95 305 1.000000 
95 310 1.000000 
95 315 1.000000 
95 320 1.000000 
95 325 1.000000 
95 330 1.000000 
95 335 1.000000 
95 340 1.000000 
95 345 1.000000 
95 350 1.000000 
95 355 1.000000 
95 360 1.000000 
100 5 1.000000 
100 10 1.000000 
100 15 1.000000 
100 20 1.000000 
100 25 1.000000 
100 30 1.000000 
100 35 1.000000 
100 40 1.000000 
100 45 1.000000 
100 50 1.000000 
100 55 1.000000 
100 60 1.000000 
100 65 1.000000 
100 70 1.000000 
100 75 1.000000 
100 80 1.000000 
100 85 1.000000 
100 90 1.000000 
100 95 1.000000 
100 100 1.000000 
100 105 1.000000 
100 110 1.000000 
100 115 1.000000 
100 120 1.000000 
100 125 1.000000 
100 130 1.000000 
100 135 1.000000 
100 140 1.000000 
100 145 1.000000 
100 150 1.000000 
100 155 1.000000 
100 160 1.000000 
100 165 1.000000 
100 170 1.000000 
100 175 1.000000 
100 180 1.000000 
100 185 1.000000 
100 190 1.000000 
100 195 1.000000 
100 200 1.000000 
100 205 1.000000 
100 210 1.000000 
100 215 1.000000 
100 220 1.000000 
100 225 1.000000 
100 230 1.000000 
100 235 1.000000 
100 240 1.000000 
100 245 1.000000 
100 250 1.000000 
100 255 1.000000 
100 260 1.000000 
100 265 1.000000 
100 270 1.000000 
100 275 1.000000 
100 280 1.000000 
100 285 1.000000 
100 290 1.000000 
100 295 1.000000 
100 300 1.000000 
100 305 1.000000 
100 310 1.000000 
100 315 1.000000 
100 320 1.000000 
100 325 1.000000 
100 330 1.000000 
100 335 1.000000 
100 340 1.000000 
100 345 1.000000 
100 350 1.000000 
100 355 1.000000 
100 360 1.000000 
105 5 1.000000 
105 10 1.000000 
105 15 1.000000 
105 20 1.000000 
105 25 1.000000 
105 30 1.000000 
105 35 1.000000 
105 40 1.000000 
105 45 1.000000 
105 50 1.000000 
105 55 1.000000 
105 60 1.000000 
105 65 1.000000 
105 70 1.000000 
105 75 1.000000 
105 80 1.000000 
105 85 1.000000 
105 90 1.000000 
105 95 1.000000 
105 100 1.000000 
105 105 1.000000 
105 110 1.000000 
105 115 1.000000 
105 120 1.000000 
105 125 1.000000 
105 130 1.000000 
105 135 1.000000 
105 140 1.000000 
105 145 1.000000 
105 150 1.000000 
105 155 1.000000 
105 160 1.000000 
105 165 1.000000 
105 170 1.000000 
105 175 1.000000 
105 180 1.000000 
105 185 1.000000 
105 190 1.000000 
105 195 1.000000 
105 200 1.000000 
105 205 1.000000 
105 210 1.000000 
105 215 1.000000 
105 220 1.000000 
105 225 1.000000 
105 230 1.000000 
105 235 1.000000 
105 240 1.000000 
105 245 1.000000 
105 250 1.000000 
105 255 1.000000 
105 260 1.000000 
105 265 1.000000 
105 270 1.000000 
105 275 1.000000 
105 280 1.000000 
105 285 1.000000 
105 290 1.000000 
105 295 1.000000 
105 300 1.000000 
105 305 1.000000 
105 310 1.000000 
105 315 1.000000 
105 320 1.000000 
105 325 1.000000 
105 330 1.000000 
105 335 1.000000 
105 340 1.000000 
105 345 1.000000 
105 350 1.000000 
105 355 1.000000 
105 360 1.000000 
110 5 1.000000 
110 10 1.000000 
110 15 1.000000 
110 20 1.000000 
110 25 1.000000 
110 30 1.000000 
110 35 1.000000 
110 40 1.000000 
110 45 1.000000 
110 50 1.000000 
110 55 1.000000 
110 60 1.000000 
110 65 1.000000 
110 70 1.000000 
110 75 1.000000 
110 80 1.000000 
110 85 1.000000 
110 90 1.000000 
110 95 1.000000 
110 100 1.000000 
110 105 1.000000 
110 110 1.000000 
110 115 1.000000 
110 120 1.000000 
110 125 1.000000 
110 130 1.000000 
110 135 1.000000 
110 140 1.000000 
110 145 1.000000 
110 150 1.000000 
110 155 1.000000 
110 160 1.000000 
110 165 1.000000 
110 170 1.000000 
110 175 1.000000 
110 180 1.000000 
110 185 1.000000 
110 190 1.000000 
110 195 1.000000 
110 200 1.000000 
110 205 1.000000 
110 210 1.000000 
110 215 1.000000 
110 220 1.000000 
110 225 1.000000 
110 230 1.000000 
110 235 1.000000 
110 240 1.000000 
110 245 1.000000 
110 250 1.000000 
110 255 1.000000 
110 260 1.000000 
110 265 1.000000 
110 270 1.000000 
110 275 1.000000 
110 280 1.000000 
110 285 1.000000 
110 290 1.000000 
110 295 1.000000 
110 300 1.000000 
110 305 1.000000 
110 310 1.000000 
110 315 1.000000 
110 320 1.000000 
110 325 1.000000 
110 330 1.000000 
110 335 1.000000 
110 340 1.000000 
110 345 1.000000 
110 350 1.000000 
110 355 1.000000 
110 360 1.000000 
115 5 1.000000 
115 10 1.000000 
115 15 1.000000 
115 20 1.000000 
115 25 1.000000 
115 30 1.000000 
115 35 1.000000 
115 40 1.000000 
115 45 1.000000 
115 50 1.000000 
115 55 1.000000 
115 60 1.000000 
115 65 1.000000 
115 70 1.000000 
115 75 1.000000 
115 80 1.000000 
115 85 1.000000 
115 90 1.000000 
115 95 1.000000 
115 100 1.000000 
115 105 1.000000 
115 110 1.000000 
115 115 1.000000 
115 120 1.000000 
115 125 1.000000 
115 130 1.000000 
115 135 1.000000 
115 140 1.000000 
115 145 1.000000 
115 150 1.000000 
115 155 1.000000 
115 160 1.000000 
115 165 1.000000 
115 170 1.000000 
115 175 1.000000 
115 180 1.000000 
115 185 1.000000 
115 190 1.000000 
115 195 1.000000 
115 200 1.000000 
115 205 1.000000 
115 210 1.000000 
115 215 1.000000 
115 220 1.000000 
115 225 1.000000 
115 230 1.000000 
115 235 1.000000 
115 240 1.000000 
115 245 1.000000 
115 250 1.000000 
115 255 1.000000 
115 260 1.000000 
115 265 1.000000 
115 270 1.000000 
115 275 1.000000 
115 280 1.000000 
115 285 1.000000 
115 290 1.000000 
115 295 1.000000 
115 300 1.000000 
115 305 1.000000 
115 310 1.000000 
115 315 1.000000 
115 320 1.000000 
115 325 1.000000 
115 330 1.000000 
115 335 1.000000 
115 340 1.000000 
115 345 1.000000 
115 350 1.000000 
115 355 1.000000 
115 360 1.000000 
120 5 1.000000 
120 10 1.000000 
120 15 1.000000 
120 20 1.000000 
120 25 1.000000 
120 30 1.000000 
120 35 1.000000 
120 40 1.000000 
120 45 1.000000 
120 50 1.000000 
120 55 1.000000 
120 60 1.000000 
120 65 1.000000 
120 70 1.000000 
120 75 1.000000 
120 80 1.000000 
120 85 1.000000 
120 90 1.000000 
120 95 1.000000 
120 100 1.000000 
120 105 1.000000 
120 110 1.000000 
120 115 1.000000 
120 120 1.000000 
120 125 1.000000 
120 130 1.000000 
120 135 1.000000 
120 140 1.000000 
120 145 1.000000 
120 150 1.000000 
120 155 1.000000 
120 160 1.000000 
120 165 1.000000 
120 170 1.000000 
120 175 1.000000 
120 180 1.000000 
120 185 1.000000 
120 190 1.000000 
120 195 1.000000 
120 200 1.000000 
120 205 1.000000 
120 210 1.000000 
120 215 1.000000 
120 220 1.000000 
120 225 1.000000 
120 230 1.000000 
120 235 1.000000 
120 240 1.000000 
120 245 1.000000 
120 250 1.000000 
120 255 1.000000 
120 260 1.000000 
120 265 1.000000 
120 270 1.000000 
120 275 1.000000 
120 280 1.000000 
120 285 1.000000 
120 290 1.000000 
120 295 1.000000 
120 300 1.000000 
120 305 1.000000 
120 310 1.000000 
120 315 1.000000 
120 320 1.000000 
120 325 1.000000 
120 330 1.000000 
120 335 1.000000 
120 340 1.000000 
120 345 1.000000 
120 350 1.000000 
120 355 1.000000 
120 360 1.000000 
125 5 1.000000 
125 10 1.000000 
125 15 1.000000 
125 20 1.000000 
125 25 1.000000 
125 30 1.000000 
125 35 1.000000 
125 40 1.000000 
125 45 1.000000 
125 50 1.000000 
125 55 1.000000 
125 60 1.000000 
125 65 1.000000 
125 70 1.000000 
125 75 1.000000 
125 80 1.000000 
125 85 1.000000 
125 90 1.000000 
125 95 1.000000 
125 100 1.000000 
125 105 1.000000 
125 110 1.000000 
125 115 1.000000 
125 120 1.000000 
125 125 1.000000 
125 130 1.000000 
125 135 1.000000 
125 140 1.000000 
125 145 1.000000 
125 150 1.000000 
125 155 1.000000 
125 160 1.000000 
125 165 1.000000 
125 170 1.000000 
125 175 1.000000 
125 180 1.000000 
125 185 1.000000 
125 190 1.000000 
125 195 1.000000 
125 200 1.000000 
125 205 1.000000 
125 210 1.000000 
125 215 1.000000 
125 220 1.000000 
125 225 1.000000 
125 230 1.000000 
125 235 1.000000 
125 240 1.000000 
125 245 1.000000 
125 250 1.000000 
125 255 1.000000 
125 260 1.000000 
125 265 1.000000 
125 270 1.000000 
125 275 1.000000 
125 280 1.000000 
125 285 1.000000 
125 290 1.000000 
125 295 1.000000 
125 300 1.000000 
125 305 1.000000 
125 310 1.000000 
125 315 1.000000 
125 320 1.000000 
125 325 1.000000 
125 330 1.000000 
125 335 1.000000 
125 340 1.000000 
125 345 1.000000 
125 350 1.000000 
125 355 1.000000 
125 360 1.000000 
130 5 1.000000 
130 10 1.000000 
130 15 1.000000 
130 20 1.000000 
130 25 1.000000 
130 30 1.000000 
130 35 1.000000 
130 40 1.000000 
130 45 1.000000 
130 50 1.000000 
130 55 1.000000 
130 60 1.000000 
130 65 1.000000 
130 70 1.000000 
130 75 1.000000 
130 80 1.000000 
130 85 1.000000 
130 90 1.000000 
130 95 1.000000 
130 100 1.000000 
130 105 1.000000 
130 110 1.000000 
130 115 1.000000 
130 120 1.000000 
130 125 1.000000 
130 130 1.000000 
130 135 1.000000 
130 140 1.000000 
130 145 1.000000 
130 150 1.000000 
130 155 1.000000 
130 160 1.000000 
130 165 1.000000 
130 170 1.000000 
130 175 1.000000 
130 180 1.000000 
130 185 1.000000 
130 190 1.000000 
130 195 1.000000 
130 200 1.000000 
130 205 1.000000 
130 210 1.000000 
130 215 1.000000 
130 220 1.000000 
130 225 1.000000 
130 230 1.000000 
130 235 1.000000 
130 240 1.000000 
130 245 1.000000 
130 250 1.000000 
130 255 1.000000 
130 260 1.000000 
130 265 1.000000 
130 270 1.000000 
130 275 1.000000 
130 280 1.000000 
130 285 1.000000 
130 290 1.000000 
130 295 1.000000 
130 300 1.000000 
130 305 1.000000 
130 310 1.000000 
130 315 1.000000 
130 320 1.000000 
130 325 1.000000 
130 330 1.000000 
130 335 1.000000 
130 340 1.000000 
130 345 1.000000 
130 350 1.000000 
130 355 1.000000 
130 360 1.000000 
135 5 1.000000 
135 10 1.000000 
135 15 1.000000 
135 20 1.000000 
135 25 1.000000 
135 30 1.000000 
135 35 1.000000 
135 40 1.000000 
135 45 1.000000 
135 50 1.000000 
135 55 1.000000 
135 60 1.000000 
135 65 1.000000 
135 70 1.000000 
135 75 1.000000 
135 80 1.000000 
135 85 1.000000 
135 90 1.000000 
135 95 1.000000 
135 100 1.000000 
135 105 1.000000 
135 110 1.000000 
135 115 1.000000 
135 120 1.000000 
135 125 1.000000 
135 130 1.000000 
135 135 1.000000 
135 140 1.000000 
135 145 1.000000 
135 150 1.000000 
135 155 1.000000 
135 160 1.000000 
135 165 1.000000 
135 170 1.000000 
135 175 1.000000 
135 180 1.000000 
135 185 1.000000 
135 190 1.000000 
135 195 1.000000 
135 200 1.000000 
135 205 1.000000 
135 210 1.000000 
135 215 1.000000 
135 220 1.000000 
135 225 1.000000 
135 230 1.000000 
135 235 1.000000 
135 240 1.000000 
135 245 1.000000 
135 250 1.000000 
135 255 1.000000 
135 260 1.000000 
135 265 1.000000 
135 270 1.000000 
135 275 1.000000 
135 280 1.000000 
135 285 1.000000 
135 290 1.000000 
135 295 1.000000 
135 300 1.000000 
135 305 1.000000 
135 310 1.000000 
135 315 1.000000 
135 320 1.000000 
135 325 1.000000 
135 330 1.000000 
135 335 1.000000 
135 340 1.000000 
135 345 1.000000 
135 350 1.000000 
135 355 1.000000 
135 360 1.000000 
140 5 1.000000 
140 10 1.000000 
140 15 1.000000 
140 20 1.000000 
140 25 1.000000 
140 30 1.000000 
140 35 1.000000 
140 40 1.000000 
140 45 1.000000 
140 50 1.000000 
140 55 1.000000 
140 60 1.000000 
140 65 1.000000 
140 70 1.000000 
140 75 1.000000 
140 80 1.000000 
140 85 1.000000 
140 90 1.000000 
140 95 1.000000 
140 100 1.000000 
140 105 1.000000 
140 110 1.000000 
140 115 1.000000 
140 120 1.000000 
140 125 1.000000 
140 130 1.000000 
140 135 1.000000 
140 140 1.000000 
140 145 1.000000 
140 150 1.000000 
140 155 1.000000 
140 160 1.000000 
140 165 1.000000 
140 170 1.000000 
140 175 1.000000 
140 180 1.000000 
140 185 1.000000 
140 190 1.000000 
140 195 1.000000 
140 200 1.000000 
140 205 1.000000 
140 210 1.000000 
140 215 1.000000 
140 220 1.000000 
140 225 1.000000 
140 230 1.000000 
140 235 1.000000 
140 240 1.000000 
140 245 1.000000 
140 250 1.000000 
140 255 1.000000 
140 260 1.000000 
140 265 1.000000 
140 270 1.000000 
140 275 1.000000 
140 280 1.000000 
140 285 1.000000 
140 290 1.000000 
140 295 1.000000 
140 300 1.000000 
140 305 1.000000 
140 310 1.000000 
140 315 1.000000 
140 320 1.000000 
140 325 1.000000 
140 330 1.000000 
140 335 1.000000 
140 340 1.000000 
140 345 1.000000 
140 350 1.000000 
140 355 1.000000 
140 360 1.000000 
145 5 1.000000 
145 10 1.000000 
145 15 1.000000 
145 20 1.000000 
145 25 1.000000 
145 30 1.000000 
145 35 1.000000 
145 40 1.000000 
145 45 1.000000 
145 50 1.000000 
145 55 1.000000 
145 60 1.000000 
145 65 1.000000 
145 70 1.000000 
145 75 1.000000 
145 80 1.000000 
145 85 1.000000 
145 90 1.000000 
145 95 1.000000 
145 100 1.000000 
145 105 1.000000 
145 110 1.000000 
145 115 1.000000 
145 120 1.000000 
145 125 1.000000 
145 130 1.000000 
145 135 1.000000 
145 140 1.000000 
145 145 1.000000 
145 150 1.000000 
145 155 1.000000 
145 160 1.000000 
145 165 1.000000 
145 170 1.000000 
145 175 1.000000 
145 180 1.000000 
145 185 1.000000 
145 190 1.000000 
145 195 1.000000 
145 200 1.000000 
145 205 1.000000 
145 210 1.000000 
145 215 1.000000 
145 220 1.000000 
145 225 1.000000 
145 230 1.000000 
145 235 1.000000 
145 240 1.000000 
145 245 1.000000 
145 250 1.000000 
145 255 1.000000 
145 260 1.000000 
145 265 1.000000 
145 270 1.000000 
145 275 1.000000 
145 280 1.000000 
145 285 1.000000 
145 290 1.000000 
145 295 1.000000 
145 300 1.000000 
145 305 1.000000 
145 310 1.000000 
145 315 1.000000 
145 320 1.000000 
145 325 1.000000 
145 330 1.000000 
145 335 1.000000 
145 340 1.000000 
145 345 1.000000 
145 350 1.000000 
145 355 1.000000 
145 360 1.000000 
150 5 1.000000 
150 10 1.000000 
150 15 1.000000 
150 20 1.000000 
150 25 1.000000 
150 30 1.000000 
150 35 1.000000 
150 40 1.000000 
150 45 1.000000 
150 50 1.000000 
150 55 1.000000 
150 60 1.000000 
150 65 1.000000 
150 70 1.000000 
150 75 1.000000 
150 80 1.000000 
150 85 1.000000 
150 90 1.000000 
150 95 1.000000 
150 100 1.000000 
150 105 1.000000 
150 110 1.000000 
150 115 1.000000 
150 120 1.000000 
150 125 1.000000 
150 130 1.000000 
150 135 1.000000 
150 140 1.000000 
150 145 1.000000 
150 150 1.000000 
150 155 1.000000 
150 160 1.000000 
150 165 1.000000 
150 170 1.000000 
150 175 1.000000 
150 180 1.000000 
150 185 1.000000 
150 190 1.000000 
150 195 1.000000 
150 200 1.000000 
150 205 1.000000 
150 210 1.000000 
150 215 1.000000 
150 220 1.000000 
150 225 1.000000 
150 230 1.000000 
150 235 1.000000 
150 240 1.000000 
150 245 1.000000 
150 250 1.000000 
150 255 1.000000 
150 260 1.000000 
150 265 1.000000 
150 270 1.000000 
150 275 1.000000 
150 280 1.000000 
150 285 1.000000 
150 290 1.000000 
150 295 1.000000 
150 300 1.000000 
150 305 1.000000 
150 310 1.000000 
150 315 1.000000 
150 320 1.000000 
150 325 1.000000 
150 330 1.000000 
150 335 1.000000 
150 340 1.000000 
150 345 1.000000 
150 350 1.000000 
150 355 1.000000 
150 360 1.000000 
155 5 1.000000 
155 10 1.000000 
155 15 1.000000 
155 20 1.000000 
155 25 1.000000 
155 30 1.000000 
155 35 1.000000 
155 40 1.000000 
155 45 1.000000 
155 50 1.000000 
155 55 1.000000 
155 60 1.000000 
155 65 1.000000 
155 70 1.000000 
155 75 1.000000 
155 80 1.000000 
155 85 1.000000 
155 90 1.000000 
155 95 1.000000 
155 100 1.000000 
155 105 1.000000 
155 110 1.000000 
155 115 1.000000 
155 120 1.000000 
155 125 1.000000 
155 130 1.000000 
155 135 1.000000 
155 140 1.000000 
155 145 1.000000 
155 150 1.000000 
155 155 1.000000 
155 160 1.000000 
155 165 1.000000 
155 170 1.000000 
155 175 1.000000 
155 180 1.000000 
155 185 1.000000 
155 190 1.000000 
155 195 1.000000 
155 200 1.000000 
155 205 1.000000 
155 210 1.000000 
155 215 1.000000 
155 220 1.000000 
155 225 1.000000 
155 230 1.000000 
155 235 1.000000 
155 240 1.000000 
155 245 1.000000 
155 250 1.000000 
155 255 1.000000 
155 260 1.000000 
155 265 1.000000 
155 270 1.000000 
155 275 1.000000 
155 280 1.000000 
155 285 1.000000 
155 290 1.000000 
155 295 1.000000 
155 300 1.000000 
155 305 1.000000 
155 310 1.000000 
155 315 1.000000 
155 320 1.000000 
155 325 1.000000 
155 330 1.000000 
155 335 1.000000 
155 340 1.000000 
155 345 1.000000 
155 350 1.000000 
155 355 1.000000 
155 360 1.000000 
160 5 1.000000 
160 10 1.000000 
160 15 1.000000 
160 20 1.000000 
160 25 1.000000 
160 30 1.000000 
160 35 1.000000 
160 40 1.000000 
160 45 1.000000 
160 50 1.000000 
160 55 1.000000 
160 60 1.000000 
160 65 1.000000 
160 70 1.000000 
160 75 1.000000 
160 80 1.000000 
160 85 1.000000 
160 90 1.000000 
160 95 1.000000 
160 100 1.000000 
160 105 1.000000 
160 110 1.000000 
160 115 1.000000 
160 120 1.000000 
160 125 1.000000 
160 130 1.000000 
160 135 1.000000 
160 140 1.000000 
160 145 1.000000 
160 150 1.000000 
160 155 1.000000 
160 160 1.000000 
160 165 1.000000 
160 170 1.000000 
160 175 1.000000 
160 180 1.000000 
160 185 1.000000 
160 190 1.000000 
160 195 1.000000 
160 200 1.000000 
160 205 1.000000 
160 210 1.000000 
160 215 1.000000 
160 220 1.000000 
160 225 1.000000 
160 230 1.000000 
160 235 1.000000 
160 240 1.000000 
160 245 1.000000 
160 250 1.000000 
160 255 1.000000 
160 260 1.000000 
160 265 1.000000 
160 270 1.000000 
160 275 1.000000 
160 280 1.000000 
160 285 1.000000 
160 290 1.000000 
160 295 1.000000 
160 300 1.000000 
160 305 1.000000 
160 310 1.000000 
160 315 1.000000 
160 320 1.000000 
160 325 1.000000 
160 330 1.000000 
160 335 1.000000 
160 340 1.000000 
160 345 1.000000 
160 350 1.000000 
160 355 1.000000 
160 360 1.000000 
165 5 1.000000 
165 10 1.000000 
165 15 1.000000 
165 20 1.000000 
165 25 1.000000 
165 30 1.000000 
165 35 1.000000 
165 40 1.000000 
165 45 1.000000 
165 50 1.000000 
165 55 1.000000 
165 60 1.000000 
165 65 1.000000 
165 70 1.000000 
165 75 1.000000 
165 80 1.000000 
165 85 1.000000 
165 90 1.000000 
165 95 1.000000 
165 100 1.000000 
165 105 1.000000 
165 110 1.000000 
165 115 1.000000 
165 120 1.000000 
165 125 1.000000 
165 130 1.000000 
165 135 1.000000 
165 140 1.000000 
165 145 1.000000 
165 150 1.000000 
165 155 1.000000 
165 160 1.000000 
165 165 1.000000 
165 170 1.000000 
165 175 1.000000 
165 180 1.000000 
165 185 1.000000 
165 190 1.000000 
165 195 1.000000 
165 200 1.000000 
165 205 1.000000 
165 210 1.000000 
165 215 1.000000 
165 220 1.000000 
165 225 1.000000 
165 230 1.000000 
165 235 1.000000 
165 240 1.000000 
165 245 1.000000 
165 250 1.000000 
165 255 1.000000 
165 260 1.000000 
165 265 1.000000 
165 270 1.000000 
165 275 1.000000 
165 280 1.000000 
165 285 1.000000 
165 290 1.000000 
165 295 1.000000 
165 300 1.000000 
165 305 1.000000 
165 310 1.000000 
165 315 1.000000 
165 320 1.000000 
165 325 1.000000 
165 330 1.000000 
165 335 1.000000 
165 340 1.000000 
165 345 1.000000 
165 350 1.000000 
165 355 1.000000 
165 360 1.000000 
170 5 1.000000 
170 10 1.000000 
170 15 1.000000 
170 20 1.000000 
170 25 1.000000 
170 30 1.000000 
170 35 1.000000 
170 40 1.000000 
170 45 1.000000 
170 50 1.000000 
170 55 1.000000 
170 60 1.000000 
170 65 1.000000 
170 70 1.000000 
170 75 1.000000 
170 80 1.000000 
170 85 1.000000 
170 90 1.000000 
170 95 1.000000 
170 100 1.000000 
170 105 1.000000 
170 110 1.000000 
170 115 1.000000 
170 120 1.000000 
170 125 1.000000 
170 130 1.000000 
170 135 1.000000 
170 140 1.000000 
170 145 1.000000 
170 150 1.000000 
170 155 1.000000 
170 160 1.000000 
170 165 1.000000 
170 170 1.000000 
170 175 1.000000 
170 180 1.000000 
170 185 1.000000 
170 190 1.000000 
170 195 1.000000 
170 200 1.000000 
170 205 1.000000 
170 210 1.000000 
170 215 1.000000 
170 220 1.000000 
170 225 1.000000 
170 230 1.000000 
170 235 1.000000 
170 240 1.000000 
170 245 1.000000 
170 250 1.000000 
170 255 1.000000 
170 260 1.000000 
170 265 1.000000 
170 270 1.000000 
170 275 1.000000 
170 280 1.000000 
170 285 1.000000 
170 290 1.000000 
170 295 1.000000 
170 300 1.000000 
170 305 1.000000 
170 310 1.000000 
170 315 1.000000 
170 320 1.000000 
170 325 1.000000 
170 330 1.000000 
170 335 1.000000 
170 340 1.000000 
170 345 1.000000 
170 350 1.000000 
170 355 1.000000 
170 360 1.000000 
175 5 1.000000 
175 10 1.000000 
175 15 1.000000 
175 20 1.000000 
175 25 1.000000 
175 30 1.000000 
175 35 1.000000 
175 40 1.000000 
175 45 1.000000 
175 50 1.000000 
175 55 1.000000 
175 60 1.000000 
175 65 1.000000 
175 70 1.000000 
175 75 1.000000 
175 80 1.000000 
175 85 1.000000 
175 90 1.000000 
175 95 1.000000 
175 100 1.000000 
175 105 1.000000 
175 110 1.000000 
175 115 1.000000 
175 120 1.000000 
175 125 1.000000 
175 130 1.000000 
175 135 1.000000 
175 140 1.000000 
175 145 1.000000 
175 150 1.000000 
175 155 1.000000 
175 160 1.000000 
175 165 1.000000 
175 170 1.000000 
175 175 1.000000 
175 180 1.000000 
175 185 1.000000 
175 190 1.000000 
175 195 1.000000 
175 200 1.000000 
175 205 1.000000 
175 210 1.000000 
175 215 1.000000 
175 220 1.000000 
175 225 1.000000 
175 230 1.000000 
175 235 1.000000 
175 240 1.000000 
175 245 1.000000 
175 250 1.000000 
175 255 1.000000 
175 260 1.000000 
175 265 1.000000 
175 270 1.000000 
175 275 1.000000 
175 280 1.000000 
175 285 1.000000 
175 290 1.000000 
175 295 1.000000 
175 300 1.000000 
175 305 1.000000 
175 310 1.000000 
175 315 1.000000 
175 320 1.000000 
175 325 1.000000 
175 330 1.000000 
175 335 1.000000 
175 340 1.000000 
175 345 1.000000 
175 350 1.000000 
175 355 1.000000 
175 360 1.000000 
180 5 1.000000 
180 10 1.000000 
180 15 1.000000 
180 20 1.000000 
180 25 1.000000 
180 30 1.000000 
180 35 1.000000 
180 40 1.000000 
180 45 1.000000 
180 50 1.000000 
180 55 1.000000 
180 60 1.000000 
180 65 1.000000 
180 70 1.000000 
180 75 1.000000 
180 80 1.000000 
180 85 1.000000 
180 90 1.000000 
180 95 1.000000 
180 100 1.000000 
180 105 1.000000 
180 110 1.000000 
180 115 1.000000 
180 120 1.000000 
180 125 1.000000 
180 130 1.000000 
180 135 1.000000 
180 140 1.000000 
180 145 1.000000 
180 150 1.000000 
180 155 1.000000 
180 160 1.000000 
180 165 1.000000 
180 170 1.000000 
180 175 1.000000 
180 180 1.000000 
180 185 1.000000 
180 190 1.000000 
180 195 1.000000 
180 200 1.000000 
180 205 1.000000 
180 210 1.000000 
180 215 1.000000 
180 220 1.000000 
180 225 1.000000 
180 230 1.000000 
180 235 1.000000 
180 240 1.000000 
180 245 1.000000 
180 250 1.000000 
180 255 1.000000 
180 260 1.000000 
180 265 1.000000 
180 270 1.000000 
180 275 1.000000 
180 280 1.000000 
180 285 1.000000 
180 290 1.000000 
180 295 1.000000 
180 300 1.000000 
180 305 1.000000 
180 310 1.000000 
180 315 1.000000 
180 320 1.000000 
180 325 1.000000 
180 330 1.000000 
180 335 1.000000 
180 340 1.000000 
180 345 1.000000 
180 350 1.000000 
180 355 1.000000 
180 360 1.000000 
185 5 1.000000 
185 10 1.000000 
185 15 1.000000 
185 20 1.000000 
185 25 1.000000 
185 30 1.000000 
185 35 1.000000 
185 40 1.000000 
185 45 1.000000 
185 50 1.000000 
185 55 1.000000 
185 60 1.000000 
185 65 1.000000 
185 70 1.000000 
185 75 1.000000 
185 80 1.000000 
185 85 1.000000 
185 90 1.000000 
185 95 1.000000 
185 100 1.000000 
185 105 1.000000 
185 110 1.000000 
185 115 1.000000 
185 120 1.000000 
185 125 1.000000 
185 130 1.000000 
185 135 1.000000 
185 140 1.000000 
185 145 1.000000 
185 150 1.000000 
185 155 1.000000 
185 160 1.000000 
185 165 1.000000 
185 170 1.000000 
185 175 1.000000 
185 180 1.000000 
185 185 1.000000 
185 190 1.000000 
185 195 1.000000 
185 200 1.000000 
185 205 1.000000 
185 210 1.000000 
185 215 1.000000 
185 220 1.000000 
185 225 1.000000 
185 230 1.000000 
185 235 1.000000 
185 240 1.000000 
185 245 1.000000 
185 250 1.000000 
185 255 1.000000 
185 260 1.000000 
185 265 1.000000 
185 270 1.000000 
185 275 1.000000 
185 280 1.000000 
185 285 1.000000 
185 290 1.000000 
185 295 1.000000 
185 300 1.000000 
185 305 1.000000 
185 310 1.000000 
185 315 1.000000 
185 320 1.000000 
185 325 1.000000 
185 330 1.000000 
185 335 1.000000 
185 340 1.000000 
185 345 1.000000 
185 350 1.000000 
185 355 1.000000 
185 360 1.000000 
190 5 1.000000 
190 10 1.000000 
190 15 1.000000 
190 20 1.000000 
190 25 1.000000 
190 30 1.000000 
190 35 1.000000 
190 40 1.000000 
190 45 1.000000 
190 50 1.000000 
190 55 1.000000 
190 60 1.000000 
190 65 1.000000 
190 70 1.000000 
190 75 1.000000 
190 80 1.000000 
190 85 1.000000 
190 90 1.000000 
190 95 1.000000 
190 100 1.000000 
190 105 1.000000 
190 110 1.000000 
190 115 1.000000 
190 120 1.000000 
190 125 1.000000 
190 130 1.000000 
190 135 1.000000 
190 140 1.000000 
190 145 1.000000 
190 150 1.000000 
190 155 1.000000 
190 160 1.000000 
190 165 1.000000 
190 170 1.000000 
190 175 1.000000 
190 180 1.000000 
190 185 1.000000 
190 190 1.000000 
190 195 1.000000 
190 200 1.000000 
190 205 1.000000 
190 210 1.000000 
190 215 1.000000 
190 220 1.000000 
190 225 1.000000 
190 230 1.000000 
190 235 1.000000 
190 240 1.000000 
190 245 1.000000 
190 250 1.000000 
190 255 1.000000 
190 260 1.000000 
190 265 1.000000 
190 270 1.000000 
190 275 1.000000 
190 280 1.000000 
190 285 1.000000 
190 290 1.000000 
190 295 1.000000 
190 300 1.000000 
190 305 1.000000 
190 310 1.000000 
190 315 1.000000 
190 320 1.000000 
190 325 1.000000 
190 330 1.000000 
190 335 1.000000 
190 340 1.000000 
190 345 1.000000 
190 350 1.000000 
190 355 1.000000 
190 360 1.000000 
195 5 1.000000 
195 10 1.000000 
195 15 1.000000 
195 20 1.000000 
195 25 1.000000 
195 30 1.000000 
195 35 1.000000 
195 40 1.000000 
195 45 1.000000 
195 50 1.000000 
195 55 1.000000 
195 60 1.000000 
195 65 1.000000 
195 70 1.000000 
195 75 1.000000 
195 80 1.000000 
195 85 1.000000 
195 90 1.000000 
195 95 1.000000 
195 100 1.000000 
195 105 1.000000 
195 110 1.000000 
195 115 1.000000 
195 120 1.000000 
195 125 1.000000 
195 130 1.000000 
195 135 1.000000 
195 140 1.000000 
195 145 1.000000 
195 150 1.000000 
195 155 1.000000 
195 160 1.000000 
195 165 1.000000 
195 170 1.000000 
195 175 1.000000 
195 180 1.000000 
195 185 1.000000 
195 190 1.000000 
195 195 1.000000 
195 200 1.000000 
195 205 1.000000 
195 210 1.000000 
195 215 1.000000 
195 220 1.000000 
195 225 1.000000 
195 230 1.000000 
195 235 1.000000 
195 240 1.000000 
195 245 1.000000 
195 250 1.000000 
195 255 1.000000 
195 260 1.000000 
195 265 1.000000 
195 270 1.000000 
195 275 1.000000 
195 280 1.000000 
195 285 1.000000 
195 290 1.000000 
195 295 1.000000 
195 300 1.000000 
195 305 1.000000 
195 310 1.000000 
195 315 1.000000 
195 320 1.000000 
195 325 1.000000 
195 330 1.000000 
195 335 1.000000 
195 340 1.000000 
195 345 1.000000 
195 350 1.000000 
195 355 1.000000 
195 360 1.000000 
200 5 1.000000 
200 10 1.000000 
200 15 1.000000 
200 20 1.000000 
200 25 1.000000 
200 30 1.000000 
200 35 1.000000 
200 40 1.000000 
200 45 1.000000 
200 50 1.000000 
200 55 1.000000 
200 60 1.000000 
200 65 1.000000 
200 70 1.000000 
200 75 1.000000 
200 80 1.000000 
200 85 1.000000 
200 90 1.000000 
200 95 1.000000 
200 100 1.000000 
200 105 1.000000 
200 110 1.000000 
200 115 1.000000 
200 120 1.000000 
200 125 1.000000 
200 130 1.000000 
200 135 1.000000 
200 140 1.000000 
200 145 1.000000 
200 150 1.000000 
200 155 1.000000 
200 160 1.000000 
200 165 1.000000 
200 170 1.000000 
200 175 1.000000 
200 180 1.000000 
200 185 1.000000 
200 190 1.000000 
200 195 1.000000 
200 200 1.000000 
200 205 1.000000 
200 210 1.000000 
200 215 1.000000 
200 220 1.000000 
200 225 1.000000 
200 230 1.000000 
200 235 1.000000 
200 240 1.000000 
200 245 1.000000 
200 250 1.000000 
200 255 1.000000 
200 260 1.000000 
200 265 1.000000 
200 270 1.000000 
200 275 1.000000 
200 280 1.000000 
200 285 1.000000 
200 290 1.000000 
200 295 1.000000 
200 300 1.000000 
200 305 1.000000 
200 310 1.000000 
200 315 1.000000 
200 320 1.000000 
200 325 1.000000 
200 330 1.000000 
200 335 1.000000 
200 340 1.000000 
200 345 1.000000 
200 350 1.000000 
200 355 1.000000 
200 360 1.000000 
205 5 1.000000 
205 10 1.000000 
205 15 1.000000 
205 20 1.000000 
205 25 1.000000 
205 30 1.000000 
205 35 1.000000 
205 40 1.000000 
205 45 1.000000 
205 50 1.000000 
205 55 1.000000 
205 60 1.000000 
205 65 1.000000 
205 70 1.000000 
205 75 1.000000 
205 80 1.000000 
205 85 1.000000 
205 90 1.000000 
205 95 1.000000 
205 100 1.000000 
205 105 1.000000 
205 110 1.000000 
205 115 1.000000 
205 120 1.000000 
205 125 1.000000 
205 130 1.000000 
205 135 1.000000 
205 140 1.000000 
205 145 1.000000 
205 150 1.000000 
205 155 1.000000 
205 160 1.000000 
205 165 1.000000 
205 170 1.000000 
205 175 1.000000 
205 180 1.000000 
205 185 1.000000 
205 190 1.000000 
205 195 1.000000 
205 200 1.000000 
205 205 1.000000 
205 210 1.000000 
205 215 1.000000 
205 220 1.000000 
205 225 1.000000 
205 230 1.000000 
205 235 1.000000 
205 240 1.000000 
205 245 1.000000 
205 250 1.000000 
205 255 1.000000 
205 260 1.000000 
205 265 1.000000 
205 270 1.000000 
205 275 1.000000 
205 280 1.000000 
205 285 1.000000 
205 290 1.000000 
205 295 1.000000 
205 300 1.000000 
205 305 1.000000 
205 310 1.000000 
205 315 1.000000 
205 320 1.000000 
205 325 1.000000 
205 330 1.000000 
205 335 1.000000 
205 340 1.000000 
205 345 1.000000 
205 350 1.000000 
205 355 1.000000 
205 360 1.000000 
210 5 1.000000 
210 10 1.000000 
210 15 1.000000 
210 20 1.000000 
210 25 1.000000 
210 30 1.000000 
210 35 1.000000 
210 40 1.000000 
210 45 1.000000 
210 50 1.000000 
210 55 1.000000 
210 60 1.000000 
210 65 1.000000 
210 70 1.000000 
210 75 1.000000 
210 80 1.000000 
210 85 1.000000 
210 90 1.000000 
210 95 1.000000 
210 100 1.000000 
210 105 1.000000 
210 110 1.000000 
210 115 1.000000 
210 120 1.000000 
210 125 1.000000 
210 130 1.000000 
210 135 1.000000 
210 140 1.000000 
210 145 1.000000 
210 150 1.000000 
210 155 1.000000 
210 160 1.000000 
210 165 1.000000 
210 170 1.000000 
210 175 1.000000 
210 180 1.000000 
210 185 1.000000 
210 190 1.000000 
210 195 1.000000 
210 200 1.000000 
210 205 1.000000 
210 210 1.000000 
210 215 1.000000 
210 220 1.000000 
210 225 1.000000 
210 230 1.000000 
210 235 1.000000 
210 240 1.000000 
210 245 1.000000 
210 250 1.000000 
210 255 1.000000 
210 260 1.000000 
210 265 1.000000 
210 270 1.000000 
210 275 1.000000 
210 280 1.000000 
210 285 1.000000 
210 290 1.000000 
210 295 1.000000 
210 300 1.000000 
210 305 1.000000 
210 310 1.000000 
210 315 1.000000 
210 320 1.000000 
210 325 1.000000 
210 330 1.000000 
210 335 1.000000 
210 340 1.000000 
210 345 1.000000 
210 350 1.000000 
210 355 1.000000 
210 360 1.000000 
215 5 1.000000 
215 10 1.000000 
215 15 1.000000 
215 20 1.000000 
215 25 1.000000 
215 30 1.000000 
215 35 1.000000 
215 40 1.000000 
215 45 1.000000 
215 50 1.000000 
215 55 1.000000 
215 60 1.000000 
215 65 1.000000 
215 70 1.000000 
215 75 1.000000 
215 80 1.000000 
215 85 1.000000 
215 90 1.000000 
215 95 1.000000 
215 100 1.000000 
215 105 1.000000 
215 110 1.000000 
215 115 1.000000 
215 120 1.000000 
215 125 1.000000 
215 130 1.000000 
215 135 1.000000 
215 140 1.000000 
215 145 1.000000 
215 150 1.000000 
215 155 1.000000 
215 160 1.000000 
215 165 1.000000 
215 170 1.000000 
215 175 1.000000 
215 180 1.000000 
215 185 1.000000 
215 190 1.000000 
215 195 1.000000 
215 200 1.000000 
215 205 1.000000 
215 210 1.000000 
215 215 1.000000 
215 220 1.000000 
215 225 1.000000 
215 230 1.000000 
215 235 1.000000 
215 240 1.000000 
215 245 1.000000 
215 250 1.000000 
215 255 1.000000 
215 260 1.000000 
215 265 1.000000 
215 270 1.000000 
215 275 1.000000 
215 280 1.000000 
215 285 1.000000 
215 290 1.000000 
215 295 1.000000 
215 300 1.000000 
215 305 1.000000 
215 310 1.000000 
215 315 1.000000 
215 320 1.000000 
215 325 1.000000 
215 330 1.000000 
215 335 1.000000 
215 340 1.000000 
215 345 1.000000 
215 350 1.000000 
215 355 1.000000 
215 360 1.000000 
220 5 1.000000 
220 10 1.000000 
220 15 1.000000 
220 20 1.000000 
220 25 1.000000 
220 30 1.000000 
220 35 1.000000 
220 40 1.000000 
220 45 1.000000 
220 50 1.000000 
220 55 1.000000 
220 60 1.000000 
220 65 1.000000 
220 70 1.000000 
220 75 1.000000 
220 80 1.000000 
220 85 1.000000 
220 90 1.000000 
220 95 1.000000 
220 100 1.000000 
220 105 1.000000 
220 110 1.000000 
220 115 1.000000 
220 120 1.000000 
220 125 1.000000 
220 130 1.000000 
220 135 1.000000 
220 140 1.000000 
220 145 1.000000 
220 150 1.000000 
220 155 1.000000 
220 160 1.000000 
220 165 1.000000 
220 170 1.000000 
220 175 1.000000 
220 180 1.000000 
220 185 1.000000 
220 190 1.000000 
220 195 1.000000 
220 200 1.000000 
220 205 1.000000 
220 210 1.000000 
220 215 1.000000 
220 220 1.000000 
220 225 1.000000 
220 230 1.000000 
220 235 1.000000 
220 240 1.000000 
220 245 1.000000 
220 250 1.000000 
220 255 1.000000 
220 260 1.000000 
220 265 1.000000 
220 270 1.000000 
220 275 1.000000 
220 280 1.000000 
220 285 1.000000 
220 290 1.000000 
220 295 1.000000 
220 300 1.000000 
220 305 1.000000 
220 310 1.000000 
220 315 1.000000 
220 320 1.000000 
220 325 1.000000 
220 330 1.000000 
220 335 1.000000 
220 340 1.000000 
220 345 1.000000 
220 350 1.000000 
220 355 1.000000 
220 360 1.000000 
225 5 1.000000 
225 10 1.000000 
225 15 1.000000 
225 20 1.000000 
225 25 1.000000 
225 30 1.000000 
225 35 1.000000 
225 40 1.000000 
225 45 1.000000 
225 50 1.000000 
225 55 1.000000 
225 60 1.000000 
225 65 1.000000 
225 70 1.000000 
225 75 1.000000 
225 80 1.000000 
225 85 1.000000 
225 90 1.000000 
225 95 1.000000 
225 100 1.000000 
225 105 1.000000 
225 110 1.000000 
225 115 1.000000 
225 120 1.000000 
225 125 1.000000 
225 130 1.000000 
225 135 1.000000 
225 140 1.000000 
225 145 1.000000 
225 150 1.000000 
225 155 1.000000 
225 160 1.000000 
225 165 1.000000 
225 170 1.000000 
225 175 1.000000 
225 180 1.000000 
225 185 1.000000 
225 190 1.000000 
225 195 1.000000 
225 200 1.000000 
225 205 1.000000 
225 210 1.000000 
225 215 1.000000 
225 220 1.000000 
225 225 1.000000 
225 230 1.000000 
225 235 1.000000 
225 240 1.000000 
225 245 1.000000 
225 250 1.000000 
225 255 1.000000 
225 260 1.000000 
225 265 1.000000 
225 270 1.000000 
225 275 1.000000 
225 280 1.000000 
225 285 1.000000 
225 290 1.000000 
225 295 1.000000 
225 300 1.000000 
225 305 1.000000 
225 310 1.000000 
225 315 1.000000 
225 320 1.000000 
225 325 1.000000 
225 330 1.000000 
225 335 1.000000 
225 340 1.000000 
225 345 1.000000 
225 350 1.000000 
225 355 1.000000 
225 360 1.000000 
230 5 1.000000 
230 10 1.000000 
230 15 1.000000 
230 20 1.000000 
230 25 1.000000 
230 30 1.000000 
230 35 1.000000 
230 40 1.000000 
230 45 1.000000 
230 50 1.000000 
230 55 1.000000 
230 60 1.000000 
230 65 1.000000 
230 70 1.000000 
230 75 1.000000 
230 80 1.000000 
230 85 1.000000 
230 90 1.000000 
230 95 1.000000 
230 100 1.000000 
230 105 1.000000 
230 110 1.000000 
230 115 1.000000 
230 120 1.000000 
230 125 1.000000 
230 130 1.000000 
230 135 1.000000 
230 140 1.000000 
230 145 1.000000 
230 150 1.000000 
230 155 1.000000 
230 160 1.000000 
230 165 1.000000 
230 170 1.000000 
230 175 1.000000 
230 180 1.000000 
230 185 1.000000 
230 190 1.000000 
230 195 1.000000 
230 200 1.000000 
230 205 1.000000 
230 210 1.000000 
230 215 1.000000 
230 220 1.000000 
230 225 1.000000 
230 230 1.000000 
230 235 1.000000 
230 240 1.000000 
230 245 1.000000 
230 250 1.000000 
230 255 1.000000 
230 260 1.000000 
230 265 1.000000 
230 270 1.000000 
230 275 1.000000 
230 280 1.000000 
230 285 1.000000 
230 290 1.000000 
230 295 1.000000 
230 300 1.000000 
230 305 1.000000 
230 310 1.000000 
230 315 1.000000 
230 320 1.000000 
230 325 1.000000 
230 330 1.000000 
230 335 1.000000 
230 340 1.000000 
230 345 1.000000 
230 350 1.000000 
230 355 1.000000 
230 360 1.000000 
235 5 1.000000 
235 10 1.000000 
235 15 1.000000 
235 20 1.000000 
235 25 1.000000 
235 30 1.000000 
235 35 1.000000 
235 40 1.000000 
235 45 1.000000 
235 50 1.000000 
235 55 1.000000 
235 60 1.000000 
235 65 1.000000 
235 70 1.000000 
235 75 1.000000 
235 80 1.000000 
235 85 1.000000 
235 90 1.000000 
235 95 1.000000 
235 100 1.000000 
235 105 1.000000 
235 110 1.000000 
235 115 1.000000 
235 120 1.000000 
235 125 1.000000 
235 130 1.000000 
235 135 1.000000 
235 140 1.000000 
235 145 1.000000 
235 150 1.000000 
235 155 1.000000 
235 160 1.000000 
235 165 1.000000 
235 170 1.000000 
235 175 1.000000 
235 180 1.000000 
235 185 1.000000 
235 190 1.000000 
235 195 1.000000 
235 200 1.000000 
235 205 1.000000 
235 210 1.000000 
235 215 1.000000 
235 220 1.000000 
235 225 1.000000 
235 230 1.000000 
235 235 1.000000 
235 240 1.000000 
235 245 1.000000 
235 250 1.000000 
235 255 1.000000 
235 260 1.000000 
235 265 1.000000 
235 270 1.000000 
235 275 1.000000 
235 280 1.000000 
235 285 1.000000 
235 290 1.000000 
235 295 1.000000 
235 300 1.000000 
235 305 1.000000 
235 310 1.000000 
235 315 1.000000 
235 320 1.000000 
235 325 1.000000 
235 330 1.000000 
235 335 1.000000 
235 340 1.000000 
235 345 1.000000 
235 350 1.000000 
235 355 1.000000 
235 360 1.000000 
240 5 1.000000 
240 10 1.000000 
240 15 1.000000 
240 20 1.000000 
240 25 1.000000 
240 30 1.000000 
240 35 1.000000 
240 40 1.000000 
240 45 1.000000 
240 50 1.000000 
240 55 1.000000 
240 60 1.000000 
240 65 1.000000 
240 70 1.000000 
240 75 1.000000 
240 80 1.000000 
240 85 1.000000 
240 90 1.000000 
240 95 1.000000 
240 100 1.000000 
240 105 1.000000 
240 110 1.000000 
240 115 1.000000 
240 120 1.000000 
240 125 1.000000 
240 130 1.000000 
240 135 1.000000 
240 140 1.000000 
240 145 1.000000 
240 150 1.000000 
240 155 1.000000 
240 160 1.000000 
240 165 1.000000 
240 170 1.000000 
240 175 1.000000 
240 180 1.000000 
240 185 1.000000 
240 190 1.000000 
240 195 1.000000 
240 200 1.000000 
240 205 1.000000 
240 210 1.000000 
240 215 1.000000 
240 220 1.000000 
240 225 1.000000 
240 230 1.000000 
240 235 1.000000 
240 240 1.000000 
240 245 1.000000 
240 250 1.000000 
240 255 1.000000 
240 260 1.000000 
240 265 1.000000 
240 270 1.000000 
240 275 1.000000 
240 280 1.000000 
240 285 1.000000 
240 290 1.000000 
240 295 1.000000 
240 300 1.000000 
240 305 1.000000 
240 310 1.000000 
240 315 1.000000 
240 320 1.000000 
240 325 1.000000 
240 330 1.000000 
240 335 1.000000 
240 340 1.000000 
240 345 1.000000 
240 350 1.000000 
240 355 1.000000 
240 360 1.000000 
245 5 1.000000 
245 10 1.000000 
245 15 1.000000 
245 20 1.000000 
245 25 1.000000 
245 30 1.000000 
245 35 1.000000 
245 40 1.000000 
245 45 1.000000 
245 50 1.000000 
245 55 1.000000 
245 60 1.000000 
245 65 1.000000 
245 70 1.000000 
245 75 1.000000 
245 80 1.000000 
245 85 1.000000 
245 90 1.000000 
245 95 1.000000 
245 100 1.000000 
245 105 1.000000 
245 110 1.000000 
245 115 1.000000 
245 120 1.000000 
245 125 1.000000 
245 130 1.000000 
245 135 1.000000 
245 140 1.000000 
245 145 1.000000 
245 150 1.000000 
245 155 1.000000 
245 160 1.000000 
245 165 1.000000 
245 170 1.000000 
245 175 1.000000 
245 180 1.000000 
245 185 1.000000 
245 190 1.000000 
245 195 1.000000 
245 200 1.000000 
245 205 1.000000 
245 210 1.000000 
245 215 1.000000 
245 220 1.000000 
245 225 1.000000 
245 230 1.000000 
245 235 1.000000 
245 240 1.000000 
245 245 1.000000 
245 250 1.000000 
245 255 1.000000 
245 260 1.000000 
245 265 1.000000 
245 270 1.000000 
245 275 1.000000 
245 280 1.000000 
245 285 1.000000 
245 290 1.000000 
245 295 1.000000 
245 300 1.000000 
245 305 1.000000 
245 310 1.000000 
245 315 1.000000 
245 320 1.000000 
245 325 1.000000 
245 330 1.000000 
245 335 1.000000 
245 340 1.000000 
245 345 1.000000 
245 350 1.000000 
245 355 1.000000 
245 360 1.000000 
250 5 1.000000 
250 10 1.000000 
250 15 1.000000 
250 20 1.000000 
250 25 1.000000 
250 30 1.000000 
250 35 1.000000 
250 40 1.000000 
250 45 1.000000 
250 50 1.000000 
250 55 1.000000 
250 60 1.000000 
250 65 1.000000 
250 70 1.000000 
250 75 1.000000 
250 80 1.000000 
250 85 1.000000 
250 90 1.000000 
250 95 1.000000 
250 100 1.000000 
250 105 1.000000 
250 110 1.000000 
250 115 1.000000 
250 120 1.000000 
250 125 1.000000 
250 130 1.000000 
250 135 1.000000 
250 140 1.000000 
250 145 1.000000 
250 150 1.000000 
250 155 1.000000 
250 160 1.000000 
250 165 1.000000 
250 170 1.000000 
250 175 1.000000 
250 180 1.000000 
250 185 1.000000 
250 190 1.000000 
250 195 1.000000 
250 200 1.000000 
250 205 1.000000 
250 210 1.000000 
250 215 1.000000 
250 220 1.000000 
250 225 1.000000 
250 230 1.000000 
250 235 1.000000 
250 240 1.000000 
250 245 1.000000 
250 250 1.000000 
250 255 1.000000 
250 260 1.000000 
250 265 1.000000 
250 270 1.000000 
250 275 1.000000 
250 280 1.000000 
250 285 1.000000 
250 290 1.000000 
250 295 1.000000 
250 300 1.000000 
250 305 1.000000 
250 310 1.000000 
250 315 1.000000 
250 320 1.000000 
250 325 1.000000 
250 330 1.000000 
250 335 1.000000 
250 340 1.000000 
250 345 1.000000 
250 350 1.000000 
250 355 1.000000 
250 360 1.000000 
255 5 1.000000 
255 10 1.000000 
255 15 1.000000 
255 20 1.000000 
255 25 1.000000 
255 30 1.000000 
255 35 1.000000 
255 40 1.000000 
255 45 1.000000 
255 50 1.000000 
255 55 1.000000 
255 60 1.000000 
255 65 1.000000 
255 70 1.000000 
255 75 1.000000 
255 80 1.000000 
255 85 1.000000 
255 90 1.000000 
255 95 1.000000 
255 100 1.000000 
255 105 1.000000 
255 110 1.000000 
255 115 1.000000 
255 120 1.000000 
255 125 1.000000 
255 130 1.000000 
255 135 1.000000 
255 140 1.000000 
255 145 1.000000 
255 150 1.000000 
255 155 1.000000 
255 160 1.000000 
255 165 1.000000 
255 170 1.000000 
255 175 1.000000 
255 180 1.000000 
255 185 1.000000 
255 190 1.000000 
255 195 1.000000 
255 200 1.000000 
255 205 1.000000 
255 210 1.000000 
255 215 1.000000 
255 220 1.000000 
255 225 1.000000 
255 230 1.000000 
255 235 1.000000 
255 240 1.000000 
255 245 1.000000 
255 250 1.000000 
255 255 1.000000 
255 260 1.000000 
255 265 1.000000 
255 270 1.000000 
255 275 1.000000 
255 280 1.000000 
255 285 1.000000 
255 290 1.000000 
255 295 1.000000 
255 300 1.000000 
255 305 1.000000 
255 310 1.000000 
255 315 1.000000 
255 320 1.000000 
255 325 1.000000 
255 330 1.000000 
255 335 1.000000 
255 340 1.000000 
255 345 1.000000 
255 350 1.000000 
255 355 1.000000 
255 360 1.000000 
260 5 1.000000 
260 10 1.000000 
260 15 1.000000 
260 20 1.000000 
260 25 1.000000 
260 30 1.000000 
260 35 1.000000 
260 40 1.000000 
260 45 1.000000 
260 50 1.000000 
260 55 1.000000 
260 60 1.000000 
260 65 1.000000 
260 70 1.000000 
260 75 1.000000 
260 80 1.000000 
260 85 1.000000 
260 90 1.000000 
260 95 1.000000 
260 100 1.000000 
260 105 1.000000 
260 110 1.000000 
260 115 1.000000 
260 120 1.000000 
260 125 1.000000 
260 130 1.000000 
260 135 1.000000 
260 140 1.000000 
260 145 1.000000 
260 150 1.000000 
260 155 1.000000 
260 160 1.000000 
260 165 1.000000 
260 170 1.000000 
260 175 1.000000 
260 180 1.000000 
260 185 1.000000 
260 190 1.000000 
260 195 1.000000 
260 200 1.000000 
260 205 1.000000 
260 210 1.000000 
260 215 1.000000 
260 220 1.000000 
260 225 1.000000 
260 230 1.000000 
260 235 1.000000 
260 240 1.000000 
260 245 1.000000 
260 250 1.000000 
260 255 1.000000 
260 260 1.000000 
260 265 1.000000 
260 270 1.000000 
260 275 1.000000 
260 280 1.000000 
260 285 1.000000 
260 290 1.000000 
260 295 1.000000 
260 300 1.000000 
260 305 1.000000 
260 310 1.000000 
260 315 1.000000 
260 320 1.000000 
260 325 1.000000 
260 330 1.000000 
260 335 1.000000 
260 340 1.000000 
260 345 1.000000 
260 350 1.000000 
260 355 1.000000 
260 360 1.000000 
265 5 1.000000 
265 10 1.000000 
265 15 1.000000 
265 20 1.000000 
265 25 1.000000 
265 30 1.000000 
265 35 1.000000 
265 40 1.000000 
265 45 1.000000 
265 50 1.000000 
265 55 1.000000 
265 60 1.000000 
265 65 1.000000 
265 70 0.854978 
265 75 0.748559 
265 80 0.708731 
265 85 0.740786 
265 90 0.830534 
265 95 0.960715 
265 100 1.000000 
265 105 1.000000 
265 110 1.000000 
265 115 1.000000 
265 120 1.000000 
265 125 1.000000 
265 130 1.000000 
265 135 0.974126 
265 140 0.867766 
265 145 0.776077 
265 150 0.698156 
265 155 0.659124 
265 160 0.667211 
265 165 1.000000 
265 170 1.000000 
265 175 1.000000 
265 180 1.000000 
265 185 1.000000 
265 190 1.000000 
265 195 1.000000 
265 200 1.000000 
265 205 1.000000 
265 210 1.000000 
265 215 1.000000 
265 220 1.000000 
265 225 1.000000 
265 230 1.000000 
265 235 1.000000 
265 240 1.000000 
265 245 1.000000 
265 250 1.000000 
265 255 1.000000 
265 260 1.000000 
265 265 1.000000 
265 270 1.000000 
265 275 1.000000 
265 280 1.000000 
265 285 1.000000 
265 290 1.000000 
265 295 1.000000 
265 300 1.000000 
265 305 1.000000 
265 310 1.000000 
265 315 1.000000 
265 320 1.000000 
265 325 1.000000 
265 330 1.000000 
265 335 1.000000 
265 340 1.000000 
265 345 1.000000 
265 350 1.000000 
265 355 1.000000 
265 360 1.000000 
270 5 1.000000 
270 10 1.000000 
270 15 1.000000 
270 20 1.000000 
270 25 1.000000 
270 30 1.000000 
270 35 1.000000 
270 40 1.000000 
270 45 1.000000 
270 50 1.000000 
270 55 0.795483 
270 60 0.610973 
270 65 0.550043 
270 70 0.548654 
270 75 0.423431 
270 80 0.412230 
270 85 0.455302 
270 90 0.548036 
270 95 0.702263 
270 100 0.801579 
270 105 0.885054 
270 110 0.937959 
270 115 0.956141 
270 120 0.932884 
270 125 0.879363 
270 130 0.798121 
270 135 0.709212 
270 140 0.618203 
270 145 0.527248 
270 150 0.448067 
270 155 0.401763 
270 160 0.392598 
270 165 0.422726 
270 170 0.982425 
270 175 1.000000 
270 180 1.000000 
270 185 1.000000 
270 190 1.000000 
270 195 1.000000 
270 200 1.000000 
270 205 1.000000 
270 210 1.000000 
270 215 1.000000 
270 220 1.000000 
270 225 1.000000 
270 230 1.000000 
270 235 1.000000 
270 240 1.000000 
270 245 1.000000 
270 250 1.000000 
270 255 1.000000 
270 260 1.000000 
270 265 1.000000 
270 270 1.000000 
270 275 1.000000 
270 280 1.000000 
270 285 1.000000 
270 290 1.000000 
270 295 1.000000 
270 300 1.000000 
270 305 1.000000 
270 310 1.000000 
270 315 1.000000 
270 320 1.000000 
270 325 1.000000 
270 330 1.000000 
270 335 1.000000 
270 340 1.000000 
270 345 1.000000 
270 350 1.000000 
270 355 1.000000 
270 360 1.000000 
275 5 1.000000 
275 10 1.000000 
275 15 1.000000 
275 20 1.000000 
275 25 1.000000 
275 30 1.000000 
275 35 1.000000 
275 40 1.000000 
275 45 1.000000 
275 50 0.597776 
275 55 0.369261 
275 60 0.361987 
275 65 0.509899 
275 70 0.638286 
275 75 0.633321 
275 80 0.648500 
275 85 0.676055 
275 90 0.622190 
275 95 0.570731 
275 100 0.561482 
275 105 0.626220 
275 110 0.682508 
275 115 0.716423 
275 120 0.715397 
275 125 0.681568 
275 130 0.623714 
275 135 0.544800 
275 140 0.453855 
275 145 0.362900 
275 150 0.283243 
275 155 0.224053 
275 160 0.193393 
275 165 0.190173 
275 170 0.416175 
275 175 1.000000 
275 180 1.000000 
275 185 1.000000 
275 190 1.000000 
275 195 1.000000 
275 200 1.000000 
275 205 1.000000 
275 210 1.000000 
275 215 1.000000 
275 220 1.000000 
275 225 1.000000 
275 230 1.000000 
275 235 1.000000 
275 240 1.000000 
275 245 1.000000 
275 250 1.000000 
275 255 1.000000 
275 260 1.000000 
275 265 1.000000 
275 270 1.000000 
275 275 1.000000 
275 280 1.000000 
275 285 1.000000 
275 290 1.000000 
275 295 1.000000 
275 300 1.000000 
275 305 1.000000 
275 310 1.000000 
275 315 1.000000 
275 320 1.000000 
275 325 1.000000 
275 330 1.000000 
275 335 1.000000 
275 340 1.000000 
275 345 1.000000 
275 350 1.000000 
275 355 1.000000 
275 360 1.000000 
280 5 1.000000 
280 10 1.000000 
280 15 1.000000 
280 20 1.000000 
280 25 1.000000 
280 30 1.000000 
280 35 1.000000 
280 40 1.000000 
280 45 1.000000 
280 50 1.000000 
280 55 1.000000 
280 60 1.000000 
280 65 1.000000 
280 70 1.000000 
280 75 1.000000 
280 80 1.000000 
280 85 1.000000 
280 90 1.000000 
280 95 1.000000 
280 100 0.736327 
280 105 0.526387 
280 110 0.544985 
280 115 0.585695 
280 120 0.594727 
280 125 0.569666 
280 130 0.513697 
280 135 0.434784 
280 140 0.343838 
280 145 0.252883 
280 150 0.173227 
280 155 0.114026 
280 160 0.079738 
280 165 0.067514 
280 170 0.158473 
280 175 0.417073 
280 180 0.982656 
280 185 1.000000 
280 190 1.000000 
280 195 1.000000 
280 200 1.000000 
280 205 1.000000 
280 210 1.000000 
280 215 1.000000 
280 220 1.000000 
280 225 1.000000 
280 230 1.000000 
280 235 1.000000 
280 240 1.000000 
280 245 1.000000 
280 250 1.000000 
280 255 1.000000 
280 260 1.000000 
280 265 1.000000 
280 270 1.000000 
280 275 1.000000 
280 280 1.000000 
280 285 1.000000 
280 290 1.000000 
280 295 1.000000 
280 300 1.000000 
280 305 1.000000 
280 310 1.000000 
280 315 1.000000 
280 320 1.000000 
280 325 1.000000 
280 330 1.000000 
280 335 1.000000 
280 340 1.000000 
280 345 1.000000 
280 350 1.000000 
280 355 1.000000 
280 360 1.000000 
285 5 1.000000 
285 10 1.000000 
285 15 1.000000 
285 20 1.000000 
285 25 1.000000 
285 30 1.000000 
285 35 1.000000 
285 40 1.000000 
285 45 1.000000 
285 50 1.000000 
285 55 1.000000 
285 60 1.000000 
285 65 1.000000 
285 70 1.000000 
285 75 1.000000 
285 80 1.000000 
285 85 1.000000 
285 90 1.000000 
285 95 1.000000 
285 100 1.000000 
285 105 0.715232 
285 110 0.507712 
285 115 0.538127 
285 120 0.547549 
285 125 0.522488 
285 130 0.466519 
285 135 0.387605 
285 140 0.296660 
285 145 0.205705 
285 150 0.126048 
285 155 0.066847 
285 160 0.032560 
285 165 0.020335 
285 170 0.030973 
285 175 0.183542 
285 180 0.416168 
285 185 0.953455 
285 190 1.000000 
285 195 1.000000 
285 200 1.000000 
285 205 1.000000 
285 210 1.000000 
285 215 1.000000 
285 220 1.000000 
285 225 1.000000 
285 230 1.000000 
285 235 1.000000 
285 240 1.000000 
285 245 1.000000 
285 250 1.000000 
285 255 1.000000 
285 260 1.000000 
285 265 1.000000 
285 270 1.000000 
285 275 1.000000 
285 280 1.000000 
285 285 1.000000 
285 290 1.000000 
285 295 1.000000 
285 300 1.000000 
285 305 1.000000 
285 310 1.000000 
285 315 1.000000 
285 320 1.000000 
285 325 1.000000 
285 330 1.000000 
285 335 1.000000 
285 340 1.000000 
285 345 1.000000 
285 350 1.000000 
285 355 1.000000 
285 360 1.000000 
290 5 1.000000 
290 10 1.000000 
290 15 1.000000 
290 20 1.000000 
290 25 1.000000 
290 30 1.000000 
290 35 1.000000 
290 40 1.000000 
290 45 1.000000 
290 50 1.000000 
290 55 1.000000 
290 60 1.000000 
290 65 1.000000 
290 70 1.000000 
290 75 1.000000 
290 80 1.000000 
290 85 1.000000 
290 90 1.000000 
290 95 1.000000 
290 100 1.000000 
290 105 0.846588 
290 110 0.495479 
290 115 0.519106 
290 120 0.528528 
290 125 0.503467 
290 130 0.447498 
290 135 0.368584 
290 140 0.277639 
290 145 0.186684 
290 150 0.107027 
290 155 0.047826 
290 160 0.013539 
290 165 0.001314 
290 170 0.001899 
290 175 0.055830 
290 180 0.195024 
290 185 0.473517 
290 190 1.000000 
290 195 1.000000 
290 200 1.000000 
290 205 1.000000 
290 210 1.000000 
290 215 1.000000 
290 220 1.000000 
290 225 1.000000 
290 230 1.000000 
290 235 1.000000 
290 240 1.000000 
290 245 1.000000 
290 250 1.000000 
290 255 1.000000 
290 260 1.000000 
290 265 1.000000 
290 270 1.000000 
290 275 1.000000 
290 280 1.000000 
290 285 1.000000 
290 290 1.000000 
290 295 1.000000 
290 300 1.000000 
290 305 1.000000 
290 310 1.000000 
290 315 1.000000 
290 320 1.000000 
290 325 1.000000 
290 330 1.000000 
290 335 1.000000 
290 340 1.000000 
290 345 1.000000 
290 350 1.000000 
290 355 1.000000 
290 360 1.000000 
295 5 1.000000 
295 10 1.000000 
295 15 1.000000 
295 20 1.000000 
295 25 1.000000 
295 30 1.000000 
295 35 1.000000 
295 40 1.000000 
295 45 1.000000 
295 50 1.000000 
295 55 1.000000 
295 60 1.000000 
295 65 1.000000 
295 70 1.000000 
295 75 1.000000 
295 80 1.000000 
295 85 1.000000 
295 90 1.000000 
295 95 1.000000 
295 100 1.000000 
295 105 0.727561 
295 110 0.490874 
295 115 0.517974 
295 120 0.527396 
295 125 0.502335 
295 130 0.446366 
295 135 0.367452 
295 140 0.276507 
295 145 0.185552 
295 150 0.105895 
295 155 0.046694 
295 160 0.012407 
295 165 0.000182 
295 170 0.000000 
295 175 0.008975 
295 180 0.063696 
295 185 0.281706 
295 190 0.730346 
295 195 1.000000 
295 200 1.000000 
295 205 1.000000 
295 210 1.000000 
295 215 1.000000 
295 220 1.000000 
295 225 1.000000 
295 230 1.000000 
295 235 1.000000 
295 240 1.000000 
295 245 1.000000 
295 250 1.000000 
295 255 1.000000 
295 260 1.000000 
295 265 1.000000 
295 270 1.000000 
295 275 1.000000 
295 280 1.000000 
295 285 1.000000 
295 290 1.000000 
295 295 1.000000 
295 300 1.000000 
295 305 1.000000 
295 310 1.000000 
295 315 1.000000 
295 320 1.000000 
295 325 1.000000 
295 330 1.000000 
295 335 1.000000 
295 340 1.000000 
295 345 1.000000 
295 350 1.000000 
295 355 1.000000 
295 360 1.000000 
300 5 1.000000 
300 10 1.000000 
300 15 1.000000 
300 20 1.000000 
300 25 1.000000 
300 30 1.000000 
300 35 1.000000 
300 40 1.000000 
300 45 1.000000 
300 50 1.000000 
300 55 1.000000 
300 60 1.000000 
300 65 1.000000 
300 70 1.000000 
300 75 1.000000 
300 80 1.000000 
300 85 1.000000 
300 90 1.000000 
300 95 1.000000 
300 100 0.986154 
300 105 0.474067 
300 110 0.475551 
300 115 0.517974 
300 120 0.527396 
300 125 0.502335 
300 130 0.446366 
300 135 0.367452 
300 140 0.276507 
300 145 0.185552 
300 150 0.105895 
300 155 0.046694 
300 160 0.012407 
300 165 0.000182 
300 170 0.000000 
300 175 0.000000 
300 180 0.012223 
300 185 0.168247 
300 190 0.469916 
300 195 0.982325 
300 200 1.000000 
300 205 1.000000 
300 210 1.000000 
300 215 1.000000 
300 220 1.000000 
300 225 1.000000 
300 230 1.000000 
300 235 1.000000 
300 240 1.000000 
300 245 1.000000 
300 250 1.000000 
300 255 1.000000 
300 260 1.000000 
300 265 1.000000 
300 270 1.000000 
300 275 1.000000 
300 280 1.000000 
300 285 1.000000 
300 290 1.000000 
300 295 1.000000 
300 300 1.000000 
300 305 1.000000 
300 310 1.000000 
300 315 1.000000 
300 320 1.000000 
300 325 1.000000 
300 330 1.000000 
300 335 1.000000 
300 340 1.000000 
300 345 1.000000 
300 350 1.000000 
300 355 1.000000 
300 360 1.000000 
305 5 1.000000 
305 10 1.000000 
305 15 1.000000 
305 20 1.000000 
305 25 1.000000 
305 30 1.000000 
305 35 1.000000 
305 40 1.000000 
305 45 1.000000 
305 50 1.000000 
305 55 1.000000 
305 60 1.000000 
305 65 1.000000 
305 70 1.000000 
305 75 1.000000 
305 80 1.000000 
305 85 1.000000 
305 90 1.000000 
305 95 0.803161 
305 100 0.410466 
305 105 0.406388 
305 110 0.475551 
305 115 0.517974 
305 120 0.527396 
305 125 0.502335 
305 130 0.446366 
305 135 0.367452 
305 140 0.276507 
305 145 0.185552 
305 150 0.105895 
305 155 0.046694 
305 160 0.012407 
305 165 0.000182 
305 170 0.000000 
305 175 0.000000 
305 180 0.001839 
305 185 0.064491 
305 190 0.191436 
305 195 0.460199 
305 200 0.823946 
305 205 1.000000 
305 210 1.000000 
305 215 1.000000 
305 220 1.000000 
305 225 1.000000 
305 230 1.000000 
305 235 1.000000 
305 240 1.000000 
305 245 1.000000 
305 250 1.000000 
305 255 1.000000 
305 260 1.000000 
305 265 1.000000 
305 270 1.000000 
305 275 1.000000 
305 280 1.000000 
305 285 1.000000 
305 290 1.000000 
305 295 1.000000 
305 300 1.000000 
305 305 1.000000 
305 310 1.000000 
305 315 1.000000 
305 320 1.000000 
305 325 1.000000 
305 330 1.000000 
305 335 1.000000 
305 340 1.000000 
305 345 1.000000 
305 350 1.000000 
305 355 1.000000 
305 360 1.000000 
310 5 1.000000 
310 10 1.000000 
310 15 1.000000 
310 20 1.000000 
310 25 1.000000 
310 30 1.000000 
310 35 1.000000 
310 40 1.000000 
310 45 1.000000 
310 50 1.000000 
310 55 1.000000 
310 60 1.000000 
310 65 1.000000 
310 70 1.000000 
310 75 1.000000 
310 80 1.000000 
310 85 0.924515 
310 90 0.357713 
310 95 0.249067 
310 100 0.320368 
310 105 0.406388 
310 110 0.475551 
310 115 0.517974 
310 120 0.527396 
310 125 0.502335 
310 130 0.446366 
310 135 0.367452 
310 140 0.276726 
310 145 0.186332 
310 150 0.106397 
310 155 0.046694 
310 160 0.012407 
310 165 0.000182 
310 170 0.000000 
310 175 0.000000 
310 180 0.000150 
310 185 0.017778 
310 190 0.074478 
310 195 0.190652 
310 200 0.362401 
310 205 0.573727 
310 210 0.809017 
310 215 1.000000 
310 220 1.000000 
310 225 1.000000 
310 230 1.000000 
310 235 1.000000 
310 240 1.000000 
310 245 1.000000 
310 250 1.000000 
310 255 1.000000 
310 260 1.000000 
310 265 1.000000 
310 270 1.000000 
310 275 1.000000 
310 280 1.000000 
310 285 1.000000 
310 290 1.000000 
310 295 1.000000 
310 300 1.000000 
310 305 1.000000 
310 310 1.000000 
310 315 1.000000 
310 320 1.000000 
310 325 1.000000 
310 330 1.000000 
310 335 1.000000 
310 340 1.000000 
310 345 1.000000 
310 350 1.000000 
310 355 1.000000 
310 360 1.000000 
315 5 1.000000 
315 10 1.000000 
315 15 1.000000 
315 20 1.000000 
315 25 1.000000 
315 30 1.000000 
315 35 1.000000 
315 40 1.000000 
315 45 1.000000 
315 50 1.000000 
315 55 1.000000 
315 60 1.000000 
315 65 1.000000 
315 70 1.000000 
315 75 0.607754 
315 80 0.187003 
315 85 0.091854 
315 90 0.144908 
315 95 0.229276 
315 100 0.320368 
315 105 0.406388 
315 110 0.475551 
315 115 0.517974 
315 120 0.527396 
315 125 0.504976 
315 130 0.460109 
315 135 0.395294 
315 140 0.315118 
315 145 0.227064 
315 150 0.141241 
315 155 0.069367 
315 160 0.021323 
315 165 0.000744 
315 170 0.000000 
315 175 0.000000 
315 180 0.000150 
315 185 0.014566 
315 190 0.056135 
315 195 0.129221 
315 200 0.243800 
315 205 0.407253 
315 210 0.596283 
315 215 0.890541 
315 220 1.000000 
315 225 1.000000 
315 230 1.000000 
315 235 1.000000 
315 240 1.000000 
315 245 1.000000 
315 250 1.000000 
315 255 1.000000 
315 260 1.000000 
315 265 1.000000 
315 270 1.000000 
315 275 1.000000 
315 280 1.000000 
315 285 1.000000 
315 290 1.000000 
315 295 1.000000 
315 300 1.000000 
315 305 1.000000 
315 310 1.000000 
315 315 1.000000 
315 320 1.000000 
315 325 1.000000 
315 330 1.000000 
315 335 1.000000 
315 340 1.000000 
315 345 1.000000 
315 350 1.000000 
315 355 1.000000 
315 360 1.000000 
320 5 1.000000 
320 10 1.000000 
320 15 1.000000 
320 20 1.000000 
320 25 1.000000 
320 30 1.000000 
320 35 1.000000 
320 40 1.000000 
320 45 1.000000 
320 50 1.000000 
320 55 1.000000 
320 60 1.000000 
320 65 0.594613 
320 70 0.151345 
320 75 0.098054 
320 80 0.145457 
320 85 0.098720 
320 90 0.147256 
320 95 0.231624 
320 100 0.322716 
320 105 0.408736 
320 110 0.477900 
320 115 0.524142 
320 120 0.555464 
320 125 0.566562 
320 130 0.551755 
320 135 0.507933 
320 140 0.436149 
320 145 0.342892 
320 150 0.240138 
320 155 0.143689 
320 160 0.068387 
320 165 0.022301 
320 170 0.004001 
320 175 0.002348 
320 180 0.002498 
320 185 0.016914 
320 190 0.058939 
320 195 0.131962 
320 200 0.242720 
320 205 0.396266 
320 210 0.592573 
320 215 0.893357 
320 220 1.000000 
320 225 1.000000 
320 230 1.000000 
320 235 1.000000 
320 240 1.000000 
320 245 1.000000 
320 250 1.000000 
320 255 1.000000 
320 260 1.000000 
320 265 1.000000 
320 270 1.000000 
320 275 1.000000 
320 280 1.000000 
320 285 1.000000 
320 290 1.000000 
320 295 1.000000 
320 300 1.000000 
320 305 1.000000 
320 310 1.000000 
320 315 1.000000 
320 320 1.000000 
320 325 1.000000 
320 330 1.000000 
320 335 1.000000 
320 340 1.000000 
320 345 1.000000 
320 350 1.000000 
320 355 1.000000 
320 360 1.000000 
325 5 1.000000 
325 10 1.000000 
325 15 1.000000 
325 20 1.000000 
325 25 1.000000 
325 30 1.000000 
325 35 1.000000 
325 40 1.000000 
325 45 1.000000 
325 50 1.000000 
325 55 1.000000 
325 60 1.000000 
325 65 0.662588 
325 70 0.587838 
325 75 0.793875 
325 80 0.867398 
325 85 0.353382 
325 90 0.197264 
325 95 0.251809 
325 100 0.342901 
325 105 0.429228 
325 110 0.517445 
325 115 0.606758 
325 120 0.687293 
325 125 0.744541 
325 130 0.765493 
325 135 0.740758 
325 140 0.668155 
325 145 0.555124 
325 150 0.418478 
325 155 0.281082 
325 160 0.164883 
325 165 0.083313 
325 170 0.037768 
325 175 0.021596 
325 180 0.037446 
325 185 0.072132 
325 190 0.113701 
325 195 0.186725 
325 200 0.297482 
325 205 0.450143 
325 210 0.653163 
325 215 0.958273 
325 220 1.000000 
325 225 1.000000 
325 230 1.000000 
325 235 1.000000 
325 240 1.000000 
325 245 1.000000 
325 250 1.000000 
325 255 1.000000 
325 260 1.000000 
325 265 1.000000 
325 270 1.000000 
325 275 1.000000 
325 280 0.678925 
325 285 0.397029 
325 290 0.542851 
325 295 0.363763 
325 300 0.208218 
325 305 0.117170 
325 310 0.271376 
325 315 0.783652 
325 320 1.000000 
325 325 1.000000 
325 330 1.000000 
325 335 1.000000 
325 340 1.000000 
325 345 1.000000 
325 350 1.000000 
325 355 1.000000 
325 360 1.000000 
330 5 1.000000 
330 10 1.000000 
330 15 1.000000 
330 20 1.000000 
330 25 1.000000 
330 30 1.000000 
330 35 1.000000 
330 40 1.000000 
330 45 1.000000 
330 50 1.000000 
330 55 1.000000 
330 60 1.000000 
330 65 1.000000 
330 70 1.000000 
330 75 1.000000 
330 80 1.000000 
330 85 1.000000 
330 90 0.848279 
330 95 0.667842 
330 100 0.594126 
330 105 0.658809 
330 110 0.745535 
330 115 0.859495 
330 120 0.991343 
330 125 1.000000 
330 130 1.000000 
330 135 1.000000 
330 140 1.000000 
330 145 0.889796 
330 150 0.697842 
330 155 0.501954 
330 160 0.332665 
330 165 0.208581 
330 170 0.132693 
330 175 0.099143 
330 180 0.131479 
330 185 0.145894 
330 190 0.187463 
330 195 0.260486 
330 200 0.371244 
330 205 0.524654 
330 210 0.739630 
330 215 1.000000 
330 220 1.000000 
330 225 1.000000 
330 230 1.000000 
330 235 1.000000 
330 240 1.000000 
330 245 1.000000 
330 250 1.000000 
330 255 1.000000 
330 260 1.000000 
330 265 1.000000 
330 270 1.000000 
330 275 0.892523 
330 280 0.690486 
330 285 0.516348 
330 290 0.613253 
330 295 0.381982 
330 300 0.283450 
330 305 0.455138 
330 310 0.963858 
330 315 1.000000 
330 320 1.000000 
330 325 1.000000 
330 330 1.000000 
330 335 1.000000 
330 340 1.000000 
330 345 1.000000 
330 350 1.000000 
330 355 1.000000 
330 360 1.000000 
335 5 1.000000 
335 10 1.000000 
335 15 1.000000 
335 20 1.000000 
335 25 1.000000 
335 30 1.000000 
335 35 1.000000 
335 40 1.000000 
335 45 1.000000 
335 50 1.000000 
335 55 1.000000 
335 60 1.000000 
335 65 1.000000 
335 70 1.000000 
335 75 1.000000 
335 80 1.000000 
335 85 1.000000 
335 90 1.000000 
335 95 1.000000 
335 100 1.000000 
335 105 1.000000 
335 110 1.000000 
335 115 1.000000 
335 120 1.000000 
335 125 1.000000 
335 130 1.000000 
335 135 1.000000 
335 140 1.000000 
335 145 1.000000 
335 150 1.000000 
335 155 0.742700 
335 160 0.513257 
335 165 0.346138 
335 170 0.242448 
335 175 0.191297 
335 180 0.183275 
335 185 0.197690 
335 190 0.239259 
335 195 0.312282 
335 200 0.423039 
335 205 0.576450 
335 210 0.800183 
335 215 1.000000 
335 220 1.000000 
335 225 1.000000 
335 230 1.000000 
335 235 1.000000 
335 240 1.000000 
335 245 1.000000 
335 250 1.000000 
335 255 1.000000 
335 260 1.000000 
335 265 1.000000 
335 270 1.000000 
335 275 1.000000 
335 280 1.000000 
335 285 1.000000 
335 290 0.811687 
335 295 0.880856 
335 300 1.000000 
335 305 1.000000 
335 310 1.000000 
335 315 1.000000 
335 320 1.000000 
335 325 1.000000 
335 330 1.000000 
335 335 1.000000 
335 340 1.000000 
335 345 1.000000 
335 350 1.000000 
335 355 1.000000 
335 360 1.000000 
340 5 1.000000 
340 10 1.000000 
340 15 1.000000 
340 20 1.000000 
340 25 1.000000 
340 30 1.000000 
340 35 1.000000 
340 40 1.000000 
340 45 1.000000 
340 50 1.000000 
340 55 1.000000 
340 60 1.000000 
340 65 1.000000 
340 70 1.000000 
340 75 1.000000 
340 80 1.000000 
340 85 1.000000 
340 90 1.000000 
340 95 1.000000 
340 100 1.000000 
340 105 1.000000 
340 110 1.000000 
340 115 1.000000 
340 120 1.000000 
340 125 1.000000 
340 130 1.000000 
340 135 1.000000 
340 140 1.000000 
340 145 1.000000 
340 150 1.000000 
340 155 0.895044 
340 160 0.612348 
340 165 0.410669 
340 170 0.288292 
340 175 0.229297 
340 180 0.219801 
340 185 0.234216 
340 190 0.275785 
340 195 0.348808 
340 200 0.459565 
340 205 0.614899 
340 210 0.859896 
340 215 1.000000 
340 220 1.000000 
340 225 1.000000 
340 230 1.000000 
340 235 1.000000 
340 240 1.000000 
340 245 1.000000 
340 250 1.000000 
340 255 1.000000 
340 260 1.000000 
340 265 1.000000 
340 270 1.000000 
340 275 1.000000 
340 280 1.000000 
340 285 1.000000 
340 290 1.000000 
340 295 1.000000 
340 300 1.000000 
340 305 1.000000 
340 310 1.000000 
340 315 1.000000 
340 320 1.000000 
340 325 1.000000 
340 330 1.000000 
340 335 1.000000 
340 340 1.000000 
340 345 1.000000 
340 350 1.000000 
340 355 1.000000 
340 360 1.000000 
345 5 1.000000 
345 10 1.000000 
345 15 1.000000 
345 20 1.000000 
345 25 1.000000 
345 30 1.000000 
345 35 1.000000 
345 40 1.000000 
345 45 1.000000 
345 50 1.000000 
345 55 1.000000 
345 60 1.000000 
345 65 1.000000 
345 70 1.000000 
345 75 1.000000 
345 80 1.000000 
345 85 1.000000 
345 90 1.000000 
345 95 1.000000 
345 100 1.000000 
345 105 1.000000 
345 110 1.000000 
345 115 1.000000 
345 120 1.000000 
345 125 1.000000 
345 130 1.000000 
345 135 1.000000 
345 140 1.000000 
345 145 1.000000 
345 150 1.000000 
345 155 0.987693 
345 160 0.658893 
345 165 0.436770 
345 170 0.310126 
345 175 0.253874 
345 180 0.247393 
345 185 0.261809 
345 190 0.303378 
345 195 0.376401 
345 200 0.488864 
345 205 0.682411 
345 210 0.990843 
345 215 1.000000 
345 220 1.000000 
345 225 1.000000 
345 230 1.000000 
345 235 1.000000 
345 240 1.000000 
345 245 1.000000 
345 250 1.000000 
345 255 1.000000 
345 260 1.000000 
345 265 1.000000 
345 270 1.000000 
345 275 1.000000 
345 280 1.000000 
345 285 1.000000 
345 290 1.000000 
345 295 1.000000 
345 300 1.000000 
345 305 1.000000 
345 310 1.000000 
345 315 1.000000 
345 320 1.000000 
345 325 1.000000 
345 330 1.000000 
345 335 1.000000 
345 340 1.000000 
345 345 1.000000 
345 350 1.000000 
345 355 1.000000 
345 360 1.000000 
350 5 1.000000 
350 10 1.000000 
350 15 1.000000 
350 20 1.000000 
350 25 1.000000 
350 30 1.000000 
350 35 1.000000 
350 40 1.000000 
350 45 1.000000 
350 50 1.000000 
350 55 1.000000 
350 60 1.000000 
350 65 1.000000 
350 70 1.000000 
350 75 1.000000 
350 80 1.000000 
350 85 1.000000 
350 90 1.000000 
350 95 1.000000 
350 100 1.000000 
350 105 1.000000 
350 110 1.000000 
350 115 1.000000 
350 120 1.000000 
350 125 1.000000 
350 130 1.000000 
350 135 1.000000 
350 140 1.000000 
350 145 1.000000 
350 150 1.000000 
350 155 1.000000 
350 160 0.722562 
350 165 0.469468 
350 170 0.339219 
350 175 0.296407 
350 180 0.294823 
350 185 0.309238 
350 190 0.367125 
350 195 0.485129 
350 200 0.687199 
350 205 0.994988 
350 210 1.000000 
350 215 1.000000 
350 220 1.000000 
350 225 1.000000 
350 230 1.000000 
350 235 1.000000 
350 240 1.000000 
350 245 1.000000 
350 250 1.000000 
350 255 1.000000 
350 260 1.000000 
350 265 1.000000 
350 270 1.000000 
350 275 1.000000 
350 280 1.000000 
350 285 1.000000 
350 290 1.000000 
350 295 1.000000 
350 300 1.000000 
350 305 1.000000 
350 310 1.000000 
350 315 1.000000 
350 320 1.000000 
350 325 1.000000 
350 330 1.000000 
350 335 1.000000 
350 340 1.000000 
350 345 1.000000 
350 350 1.000000 
350 355 1.000000 
350 360 1.000000 
355 5 1.000000 
355 10 1.000000 
355 15 1.000000 
355 20 1.000000 
355 25 1.000000 
355 30 1.000000 
355 35 1.000000 
355 40 1.000000 
355 45 1.000000 
355 50 1.000000 
355 55 1.000000 
355 60 1.000000 
355 65 1.000000 
355 70 1.000000 
355 75 1.000000 
355 80 1.000000 
355 85 1.000000 
355 90 1.000000 
355 95 1.000000 
355 100 1.000000 
355 105 1.000000 
355 110 1.000000 
355 115 1.000000 
355 120 1.000000 
355 125 1.000000 
355 130 1.000000 
355 135 1.000000 
355 140 1.000000 
355 145 1.000000 
355 150 1.000000 
355 155 1.000000 
355 160 0.799341 
355 165 0.507616 
355 170 0.367847 
355 175 0.378459 
355 180 0.509081 
355 185 0.758214 
355 190 1.000000 
355 195 1.000000 
355 200 1.000000 
355 205 1.000000 
355 210 1.000000 
355 215 1.000000 
355 220 1.000000 
355 225 1.000000 
355 230 1.000000 
355 235 1.000000 
355 240 1.000000 
355 245 1.000000 
355 250 1.000000 
355 255 1.000000 
355 260 1.000000 
355 265 1.000000 
355 270 1.000000 
355 275 1.000000 
355 280 1.000000 
355 285 1.000000 
355 290 1.000000 
355 295 1.000000 
355 300 1.000000 
355 305 1.000000 
355 310 1.000000 
355 315 1.000000 
355 320 1.000000 
355 325 1.000000 
355 330 1.000000 
355 335 1.000000 
355 340 1.000000 
355 345 1.000000 
355 350 1.000000 
355 355 1.000000 
355 360 1.000000 
360 5 1.000000 
360 10 1.000000 
360 15 1.000000 
360 20 1.000000 
360 25 1.000000 
360 30 1.000000 
360 35 1.000000 
360 40 1.000000 
360 45 1.000000 
360 50 1.000000 
360 55 1.000000 
360 60 1.000000 
360 65 1.000000 
360 70 1.000000 
360 75 1.000000 
360 80 1.000000 
360 85 1.000000 
360 90 1.000000 
360 95 1.000000 
360 100 1.000000 
360 105 1.000000 
360 110 1.000000 
360 115 1.000000 
360 120 1.000000 
360 125 1.000000 
360 130 1.000000 
360 135 1.000000 
360 140 1.000000 
360 145 1.000000 
360 150 1.000000 
360 155 1.000000 
360 160 0.886373 
360 165 0.650100 
360 170 0.804301 
360 175 1.000000 
360 180 1.000000 
360 185 1.000000 
360 190 1.000000 
360 195 1.000000 
360 200 1.000000 
360 205 1.000000 
360 210 1.000000 
360 215 1.000000 
360 220 1.000000 
360 225 1.000000 
360 230 1.000000 
360 235 1.000000 
360 240 1.000000 
360 245 1.000000 
360 250 1.000000 
360 255 1.000000 
360 260 1.000000 
360 265 1.000000 
360 270 1.000000 
360 275 1.000000 
360 280 1.000000 
360 285 1.000000 
360 290 1.000000 
360 295 1.000000 
360 300 1.000000 
360 305 1.000000 
360 310 1.000000 
360 315 1.000000 
360 320 1.000000 
360 325 1.000000 
360 330 1.000000 
360 335 1.000000 
360 340 1.000000 
360 345 1.000000 
360 350 1.000000 
360 355 1.000000 
360 360 1.000000 
